1.674737791954679922e-01,8.230605280529935674e-01,-3.643124954047760045e-01,5.625416111016440235e-01,2.639783696154189910e-02
1.486589718061339938e-01,8.352581907232575764e-01,-3.736615286909529821e-01,6.499403533377949849e-01,2.787285534211189977e-02
1.398874553503859919e-01,8.435726687745965791e-01,-3.683814242902920255e-01,7.245639717578169492e-01,3.030015760810840161e-02
1.385457933615109882e-01,8.489283579961405257e-01,-3.563882170714550157e-01,7.899116852388580190e-01,5.750214092022400136e-03
1.273701968830799891e-01,8.474218341252746090e-01,-3.631569254033000238e-01,8.480077576793869643e-01,4.581999645451409996e-03
1.149228462432159981e-01,8.420704614922345232e-01,-3.722016466888680153e-01,9.001402581491729782e-01,4.855283218919119979e-03
1.149486086856089939e-01,8.372953009499295440e-01,-3.669635938793769925e-01,9.471824579075790451e-01,6.406513929035960540e-04
1.088355541246780051e-01,8.280485177578406075e-01,-3.703561342174330195e-01,9.897533173578160204e-01,-2.310056918019590035e-03
9.393906506877730545e-02,8.137975108025095050e-01,-3.825791991847469764e-01,1.028305798375029889e+00,-1.035277393366390054e-02
8.298820381261050316e-02,7.984040487581245404e-01,-3.902618404739059965e-01,1.063179479553520101e+00,-1.290790310953300081e-02
1.003988120640870035e-01,7.890651667328265617e-01,-3.756107892626009970e-01,1.094633309322220027e+00,-5.491057844911910110e-03
7.372982237640700320e-02,7.651478944611255217e-01,-3.951654649227699934e-01,1.122867296151349947e+00,4.319788209991649690e-03
7.968374860160699902e-02,7.486741134742945780e-01,-3.915126442842860044e-01,1.148037259678990063e+00,-1.283386537740260035e-02
1.150200397945229935e-01,7.382281034957715038e-01,-3.732928444325510076e-01,1.170265133802000035e+00,-1.964652491624109890e-02
1.258766047782489961e-01,7.192108039431636124e-01,-3.722500582812550141e-01,1.189646654134900006e+00,-5.525905783690400128e-03
1.429595274464499910e-01,7.000323636019155638e-01,-3.704353000574380217e-01,1.206256717607020024e+00,-7.316869841716589808e-03
1.923464346152869986e-01,6.869380699088936115e-01,-3.589707424672859970e-01,1.220153600761779922e+00,2.563887728866559926e-03
2.428426989222919885e-01,6.720580592957455801e-01,-3.528793365288679929e-01,1.231382091497110087e+00,-6.488125885222439590e-03
3.013243973774260009e-01,6.572008257810505460e-01,-3.500479926245599893e-01,1.239975934549990111e+00,-2.925198694504869794e-03
3.319044096986930037e-01,6.346053540028305795e-01,-3.604106086220920102e-01,1.245959358898730107e+00,6.091371511427880019e-03
3.026988692683920124e-01,5.979790524008585795e-01,-3.834171606237640195e-01,1.250485742703699943e+00,9.589368223343780126e-03
-1.849188736134390054e-01,5.107522487633364694e-01,-3.591097747852179944e-01,1.266061701801070027e+00,6.434037804610759359e-02
-2.535819303850009865e-01,5.242682258026465369e-01,-3.729874209117349793e-01,1.262690935687889926e+00,6.992570924207250349e-02
-1.992280988665340036e-01,5.606501480391665737e-01,-3.847431694578289929e-01,1.256740573951889983e+00,6.280748122517379461e-02
-1.698378690758229892e-01,5.918506190461605421e-01,-3.934901884320249899e-01,1.248195495825489942e+00,5.253820348165089832e-02
-1.934150822197520103e-01,6.095084503552286037e-01,-4.113790606548219930e-01,1.237032979632809893e+00,3.842708389743319797e-02
-2.369725669850409888e-01,6.194354621769615488e-01,-4.384252224877450144e-01,1.223221455278310055e+00,4.603842257233319718e-02
-2.074342836568009996e-01,6.473273718418776079e-01,-4.464134053832399807e-01,1.206718868009660106e+00,5.214811478161830022e-02
-2.003650841089520129e-01,6.677561771043465377e-01,-4.607448962638909795e-01,1.187470429823249907e+00,3.896832057232350183e-02
-1.303485741793360131e-01,7.066710283764355838e-01,-4.424331607398689914e-01,1.165405775922579990e+00,4.355059689532590067e-02
-1.060994822071199967e-01,7.305738822915525121e-01,-4.416859174756290196e-01,1.140434896113480034e+00,5.773302945894030064e-02
-8.924407073979649663e-02,7.507213866026595239e-01,-4.435347530637069879e-01,1.112443094589760095e+00,7.180130710801320426e-02
-7.920840198907050378e-02,7.669490490519585979e-01,-4.495304971252540027e-01,1.081284075368049935e+00,7.707913056997510448e-02
-6.730467014785170010e-02,7.818886261701105678e-01,-4.540430381434349960e-01,1.046770223844150083e+00,8.718121232902049933e-02
-4.387492182836359722e-02,7.987640457438075492e-01,-4.472914882428690175e-01,1.008659326410880075e+00,7.596269854240940422e-02
-2.248047688737219926e-02,8.127130153426845860e-01,-4.406804790473620170e-01,9.666349553744150169e-01,8.053095791576879436e-02
9.614028093850630549e-03,8.277082511669795473e-01,-4.195731766993049949e-01,9.202771742723070414e-01,8.401814072348190443e-02
1.700613202873950056e-02,8.315746255774275619e-01,-4.276117423718949762e-01,8.690163140733260239e-01,9.682192447492149467e-02
3.310501539947929839e-02,8.350434119540756095e-01,-4.257210510886019761e-01,8.120564201573510221e-01,9.693761515582409449e-02
4.425133941753479905e-02,8.329353693445625817e-01,-4.339806662377330149e-01,7.482391415687900116e-01,1.056086351160380049e-01
6.273309827814800566e-02,8.285158195204516129e-01,-4.339145840763580231e-01,6.757797826191800361e-01,1.020533623761859937e-01
7.977784085898910471e-02,8.172856248015225589e-01,-4.436959543330780131e-01,5.916853887967500336e-01,9.462057390553869907e-02
3.852868541702610117e-02,8.248863751463505478e-01,-4.142186043257000128e-01,6.153831681153859590e-01,4.959438287391910311e-02
2.655485041230970164e-02,8.367597835500595327e-01,-3.962489915389130202e-01,6.970023307830479631e-01,4.470537007509520211e-02
5.186039164208080220e-03,8.398485196099305661e-01,-4.018475247666830064e-01,7.678028083442870466e-01,4.536027214551280329e-02
-1.331595078567529913e-02,8.393264140568165166e-01,-4.040509368119289957e-01,8.304304780024489574e-01,3.825426413039360179e-02
-3.781564678338009827e-02,8.331777703318995476e-01,-4.146789654806630199e-01,8.864991369083079498e-01,5.396636270212940012e-02
-7.547178909128010593e-02,8.194306906094285248e-01,-4.390220912349229732e-01,9.370719189448619701e-01,4.920047709915890272e-02
-8.526636403834020328e-02,8.123488843656665459e-01,-4.290327468576329850e-01,9.828869679029069717e-01,4.075787784711890072e-02
-1.206928609659480012e-01,7.942891624290825403e-01,-4.445365081974270161e-01,1.024476710959620007e+00,3.968425704526080261e-02
-1.469626172777100115e-01,7.772795718495695283e-01,-4.479593613279360120e-01,1.062235713017319894e+00,3.419659443046649955e-02
-1.430857834678689877e-01,7.682719952950765041e-01,-4.262548533518989990e-01,1.096462453164990025e+00,3.330044635490739952e-02
-1.468494908635309959e-01,7.546484382202305330e-01,-4.123174105900450082e-01,1.127386115212289930e+00,2.173053673962770105e-02
-1.643190669537029913e-01,7.351864370690875949e-01,-4.074182989342099992e-01,1.155184454920539894e+00,1.250361926173849947e-02
-1.463063563869820005e-01,7.239764116971095786e-01,-3.829439891519699768e-01,1.179996364882119897e+00,1.899140363788469951e-03
-1.686218943498029865e-01,7.001622738225105058e-01,-3.800059083208440214e-01,1.201930761752179944e+00,-4.418271795380729686e-03
-1.739651311203289918e-01,6.794095664676895741e-01,-3.684783094523250147e-01,1.221073019967239937e+00,1.142181549686860018e-02
-1.884003991221870067e-01,6.551612496170775568e-01,-3.597206260174630188e-01,1.237489985098700007e+00,2.504055798309530109e-02
-2.172055120017949981e-01,6.267513315094795923e-01,-3.529517899250210200e-01,1.251233561053499921e+00,3.087004058637959902e-02
-2.195370237282960046e-01,6.031061188349086111e-01,-3.386539462935599931e-01,1.262343577867210076e+00,3.907893676307769987e-02
-1.880645793913350017e-01,5.843978438233925488e-01,-3.209588150093680148e-01,1.270849888376859971e+00,4.913871961028980218e-02
-1.517037639920849890e-01,5.643243032477465171e-01,-3.068579835363909880e-01,1.276773987251609954e+00,3.684440968135439809e-02
-2.164831024702109918e-01,5.287528720212666400e-01,-2.882916210763790121e-01,1.283224205794929906e+00,3.035647393052750068e-02
-1.093092804710679988e-01,5.584069521175865081e-01,-2.363807801913639928e-01,1.291590843659959909e+00,7.467202716776480398e-02
-1.401617546999839869e-01,5.827829676285876115e-01,-2.455033752713700057e-01,1.288245979946089914e+00,6.771402694085269791e-02
-6.490701317916390545e-02,6.209720450757595378e-01,-2.435495392293030026e-01,1.282342261271169903e+00,8.332954105903180031e-02
1.547233311040309943e-02,6.595335360201335373e-01,-2.302350411178679945e-01,1.273865991603229997e+00,8.782158045710160288e-02
-3.368989085798240052e-02,6.779075803840595160e-01,-2.441971999692290063e-01,1.262796729102769966e+00,9.430157580106450499e-02
-4.360689277476750142e-02,7.004900614637185052e-01,-2.507320028719740024e-01,1.249105957582520077e+00,8.983230519388710200e-02
-4.264132875806170286e-02,7.233516494506285754e-01,-2.544322420801840012e-01,1.232755609698380050e+00,8.452857175456640615e-02
-7.313128344699630634e-02,7.389190636448085270e-01,-2.730281540776829940e-01,1.213695965201619931e+00,8.291813767160069459e-02
-1.719172187918269895e-02,7.687384577119316109e-01,-2.500573506726709860e-01,1.191863047096830108e+00,9.913080172030649950e-02
-4.042464517517509875e-02,7.824058942067715350e-01,-2.678246109039920109e-01,1.167174983153800083e+00,1.006278319026580048e-01
-5.047513751389880177e-02,7.964577362829025065e-01,-2.805640259481049781e-01,1.139527424985280035e+00,9.436900975685720561e-02
-6.656543145902230063e-02,8.070433624866275579e-01,-3.001645978791340208e-01,1.108787252833820069e+00,7.613954844340700689e-02
-5.230696477619960205e-02,8.222394328935765939e-01,-2.982445551043659826e-01,1.074784255609180006e+00,6.343667332621159838e-02
-2.710980489855159895e-02,8.378361181915535694e-01,-2.851855507932899991e-01,1.037299256655280111e+00,6.785907190489670615e-02
-2.726349041902079856e-02,8.455851296731815570e-01,-2.948063528024050250e-01,9.960474038470039648e-01,5.952369881813580205e-02
-1.332644653464119984e-02,8.540430901698395916e-01,-2.906433298884840144e-01,9.506533115001599699e-01,4.974166577308639786e-02
3.284748563273909815e-03,8.603865017697345241e-01,-2.824853556256449738e-01,9.006125314791120218e-01,6.564912945458070692e-02
4.437115165773149704e-03,8.602145470812805339e-01,-2.944694648682880112e-01,8.452296513887469498e-01,6.636159987631949642e-02
2.420934755391929843e-02,8.606935407017625161e-01,-2.816451243304999852e-01,7.835109994622200258e-01,6.031744605708030255e-02
3.386751837759800071e-02,8.546593708804465228e-01,-2.850239988880490238e-01,7.139650433015599651e-01,6.580772319293559658e-02
3.697868028676089963e-02,8.417335910973705593e-01,-3.062318714155550237e-01,6.341868416395299857e-01,6.766676707389319978e-02
1.510190467037499963e-02,8.500543751842926099e-01,-2.483993485240829913e-01,6.484742897243610527e-01,1.339753766441019976e-02
-3.809358519896399904e-03,8.591780385671775599e-01,-2.589250347829940013e-01,7.269215321832069865e-01,2.164027542503830018e-02
-1.209084842267500043e-02,8.652547449146665848e-01,-2.527206957096480022e-01,7.955495050351379938e-01,3.068724237302429894e-02
-2.972127571083239828e-02,8.653735146362385722e-01,-2.614297438432540144e-01,8.565978900492760006e-01,1.669532948494580060e-02
-3.090240786900000022e-02,8.653434821209495809e-01,-2.489485546219349921e-01,9.114725757941299911e-01,-2.231718918157479890e-03
-3.112560719800610068e-02,8.624293245331675628e-01,-2.379240797933039886e-01,9.611177061517119924e-01,-1.735125280079749879e-02
-4.111395433098199992e-02,8.550265561651285706e-01,-2.385809470709069902e-01,1.006198029798480054e+00,-1.897492149297520109e-02
-5.504631886886839770e-02,8.445078876227275488e-01,-2.424662469099120032e-01,1.047197566174969952e+00,-2.160518771642979882e-02
-7.899616939237180668e-02,8.299224610684015069e-01,-2.533814059332810120e-01,1.084477766575139945e+00,-3.434645065629669813e-02
-1.024040754082850002e-01,8.134164383081305960e-01,-2.611118457978390262e-01,1.118313441668179919e+00,-3.945720111794499829e-02
-1.127614490286909937e-01,7.976004631592195082e-01,-2.576829159483879916e-01,1.148916361833959954e+00,-3.264061175728200093e-02
-1.012688879311220008e-01,7.839422048184985226e-01,-2.408497607195070056e-01,1.176451156886499927e+00,-4.707881479214690024e-02
-1.480795579529020078e-01,7.583004216132736008e-01,-2.563018956154989869e-01,1.201046592346679986e+00,-6.438979472731980180e-02
-1.387722064946629863e-01,7.410682282596635639e-01,-2.410347448525549940e-01,1.222803685540919894e+00,-8.589098996137670139e-02
-2.085490002822129874e-01,7.091623897943895027e-01,-2.571825231093419761e-01,1.241801629719790023e+00,-8.757991301691099573e-02
-2.617573664558949798e-01,6.793382717989595587e-01,-2.591785283165590204e-01,1.258102316969399892e+00,-8.458508255481389515e-02
-3.316707684508329868e-01,6.465754303497215361e-01,-2.581447366563829893e-01,1.271753755061540092e+00,-8.477270917498329339e-02
-3.617516240811329831e-01,6.200683742170645107e-01,-2.424148264147170106e-01,1.282792653667250038e+00,-7.738681933158750303e-02
-3.822477820663550130e-01,5.943700269380935985e-01,-2.226517014984989995e-01,1.291246531495999994e+00,-6.309546643938669652e-02
-4.772448768472519753e-01,5.598582367349864697e-01,-2.025075396952810136e-01,1.297135119869800013e+00,-5.479524213579420322e-02
-4.019753769855020087e-01,5.440520776698065664e-01,-1.714086708786090041e-01,1.301874564228610032e+00,-5.061776381213790171e-02
-6.943178572249220082e-01,5.385848804642565657e-01,-1.477614288258199959e-01,1.301407542122019922e+00,-2.264574811176100003e-02
-8.248684822249220394e-01,5.474436232042965145e-01,-1.811879748258199974e-01,1.297565158152170106e+00,-4.032067992045360039e-02
-9.554191072249209604e-01,5.499780982581965461e-01,-2.146145208258199988e-01,1.293639503064889951e+00,-1.853935677167480034e-02
-8.935811862609179812e-01,5.703792711782864622e-01,-2.480410668258200002e-01,1.288596212240070038e+00,-1.119018781334269949e-02
-7.635642126864470303e-01,6.012615286360155631e-01,-2.799840603080669954e-01,1.278127227745690098e+00,-1.669867126882770142e-02
-6.676610956834689858e-01,6.302360950826045860e-01,-3.053036095147739770e-01,1.264503016234540089e+00,1.190367098857230028e-03
-5.899319527528720242e-01,6.582054694908106018e-01,-3.243485587643160084e-01,1.248236687360749997e+00,-1.655941795982749862e-02
-5.141655396570500303e-01,6.873075545173075174e-01,-3.347491103329869877e-01,1.229281421114349904e+00,-3.340686970463749988e-02
-4.677596089431079740e-01,7.105489552068305903e-01,-3.485648800330700126e-01,1.207576844512820102e+00,-2.762030152353029885e-02
-3.787716832248300136e-01,7.440317988546535366e-01,-3.347462370866040038e-01,1.183045529187900069e+00,-1.486083788855390060e-02
-3.605010109783959860e-01,7.601685021756995342e-01,-3.516490153093400073e-01,1.155588918918939889e+00,-2.871010388281500063e-03
-3.185628753652420264e-01,7.811694697924105313e-01,-3.511505572530420061e-01,1.125081137308759915e+00,3.432833343119120074e-03
-2.802838916912430145e-01,8.000982818706116051e-01,-3.485013169782669729e-01,1.091361413489650101e+00,2.277574262348200027e-02
-2.398931021891609894e-01,8.181134033798855842e-01,-3.394924802658820240e-01,1.054223089094860066e+00,3.390646135689209806e-02
-2.142913972045120130e-01,8.305109321621305662e-01,-3.398243623091309895e-01,1.013398208304350012e+00,5.226882366209280317e-02
-2.071856923590630062e-01,8.358307236824685793e-01,-3.579895240258970102e-01,9.685349434381930189e-01,5.367993179652080088e-02
-1.895612400959399979e-01,8.414953989718225724e-01,-3.658196210141069771e-01,9.191629207000729940e-01,5.383030143528239747e-02
-1.552129758216420075e-01,8.491126561433175457e-01,-3.516174039828640074e-01,8.646382493508559808e-01,5.371986370157440238e-02
-1.283916040606669917e-01,8.513296131615255558e-01,-3.446345256209010222e-01,8.040498432479940005e-01,4.524512834214330231e-02
-1.018446812691320008e-01,8.494813750392525842e-01,-3.365997705025899900e-01,7.360484652431940056e-01,5.391863906093650322e-02
-7.235735484151249730e-02,8.433167330090906022e-01,-3.220901730682170228e-01,6.585022069033039660e-01,3.381014681325209686e-02
-8.256082265576569768e-02,8.527428546355465544e-01,-2.457545493487109933e-01,6.644369856292200449e-01,5.190960071087970251e-02
-1.127135514865979932e-01,8.595858801881255395e-01,-2.671719962623799738e-01,7.414624374542350127e-01,3.134923790001210159e-02
-1.356653152550749974e-01,8.629226265935016071e-01,-2.738331829646790117e-01,8.090996795843290457e-01,3.011254777375919900e-02
-1.512796178642140110e-01,8.639257513350795392e-01,-2.694310719210529781e-01,8.694199400218349805e-01,2.146860475305509969e-02
-1.816573458553500109e-01,8.585358009449705063e-01,-2.828544749202390185e-01,9.237400748470270262e-01,3.157066278781500007e-02
-2.002072344638499979e-01,8.529375937964165377e-01,-2.800347746665490245e-01,9.729521883676699456e-01,1.787724010063640109e-02
-2.177866557004879966e-01,8.451233436513795327e-01,-2.753579794173299788e-01,1.017688327498889933e+00,2.408315184818779833e-02
-2.317506854274070105e-01,8.358812171335235908e-01,-2.666022001642019967e-01,1.058410775341289911e+00,3.133574049856779897e-02
-2.628555292878699823e-01,8.212296208572625877e-01,-2.708704621387880151e-01,1.095465885595440003e+00,2.461130943053720099e-02
-2.742059533631049928e-01,8.088169882101035046e-01,-2.578008939400229793e-01,1.129117569290619905e+00,2.037021210589460077e-02
-2.952951928743399734e-01,7.928986539026735558e-01,-2.505606155799769974e-01,1.159569522295790023e+00,3.266905251704969870e-02
-3.473895712545839731e-01,7.700448051885625533e-01,-2.586254985168239817e-01,1.186980341071959932e+00,3.511168268636089690e-02
-3.711769670296319878e-01,7.513570927767275753e-01,-2.467695063490520091e-01,1.211473985122750063e+00,2.127755319057359970e-02
-4.202546595137480190e-01,7.275301748746395569e-01,-2.431137051785310088e-01,1.233147812347310079e+00,2.099585844138730090e-02
-4.459873917105179886e-01,7.069474459312335979e-01,-2.259103190418849938e-01,1.252078053197910101e+00,2.186802730171119938e-02
-5.102944070992130321e-01,6.803691758744975226e-01,-2.170310196428839877e-01,1.268324274210790081e+00,3.081054937441480082e-02
-5.404724662619529996e-01,6.585142355415645188e-01,-1.937561150910090124e-01,1.281932568277279971e+00,4.849607993146620027e-02
-6.016607816485459725e-01,6.331470331401305440e-01,-1.720624047007250079e-01,1.293037542566070064e+00,5.399954724435249848e-02
-7.322114066485460038e-01,6.043479026785285591e-01,-1.386358587007250065e-01,1.303682612432659926e+00,4.987133157202189998e-02
-8.627620316485460350e-01,5.773136480796615677e-01,-1.052093127007250051e-01,1.308810070873760001e+00,4.534204348365299814e-02
-9.062789066485450462e-01,5.575808580137866510e-01,-7.178276670072529508e-02,1.310566876063449904e+00,5.757663058109169923e-02
-1.015562770502880019e+00,5.806806606170256124e-01,-4.710160022486169912e-02,1.311343618914490028e+00,3.795191149947590298e-02
-8.850121455028819861e-01,6.007273184468585603e-01,-8.052814622486169360e-02,1.308448665001600064e+00,3.123986342618999962e-02
-7.707898343729829849e-01,6.237293101939465068e-01,-1.125609059592820038e-01,1.302606737994340014e+00,4.879969491640510221e-02
-6.775582987752359898e-01,6.481044189933315991e-01,-1.378493469075439959e-01,1.294180254383489936e+00,4.082232498102000146e-02
-6.146548150022630441e-01,6.714238995405695798e-01,-1.608390656914180095e-01,1.283178575254700027e+00,3.300379965752960054e-02
-5.360963231613870006e-01,6.972483830380935554e-01,-1.729093894101479956e-01,1.269575434212290022e+00,3.227144108270500050e-02
-4.754620214773520037e-01,7.216343545256825864e-01,-1.826827000116389987e-01,1.253335776257600065e+00,4.090947334407250141e-02
-4.201684764734550104e-01,7.453575230851995359e-01,-1.879548113315440139e-01,1.234413653238930042e+00,5.244216194236860085e-02
-4.019600823890410179e-01,7.635786327781796112e-01,-2.052254028584820089e-01,1.212749801294330076e+00,6.906895675306630455e-02
-3.519863682467789801e-01,7.854078823435215462e-01,-2.032476872246160027e-01,1.188268325382070056e+00,7.945371558650080046e-02
-2.982287749122510268e-01,8.067933947820365992e-01,-1.928860000081250026e-01,1.160872439438420001e+00,7.075709766627349961e-02
-2.720489733995379855e-01,8.229275723335645054e-01,-1.954098399037439981e-01,1.130438563638749949e+00,8.400546883674639420e-02
-2.272875026516029962e-01,8.401334883968075706e-01,-1.804622988900999869e-01,1.096808969437399917e+00,7.249122055708349943e-02
-2.020109859203330083e-01,8.528144360206565411e-01,-1.766275012210209994e-01,1.059780871676250014e+00,6.283715628269970210e-02
-1.803048526505429960e-01,8.630075728920715283e-01,-1.733258169007320104e-01,1.019091646112749938e+00,5.447066404824150304e-02
-1.543925721664420048e-01,8.714989102649325359e-01,-1.631531540540790137e-01,9.743967625628250362e-01,4.613309588233099889e-02
-1.353662070231519965e-01,8.765814536946056057e-01,-1.575775685929000081e-01,9.252364691061299995e-01,3.035632136979070014e-02
-1.091856663712510028e-01,8.796190198142536110e-01,-1.405083159848790064e-01,8.709826265569059478e-01,3.349050865588890091e-02
-8.393515057057750195e-02,8.790866267293125924e-01,-1.202079805868180029e-01,8.107491628987260057e-01,3.689643750339360179e-02
-6.585204863820509624e-02,8.738389561188395493e-01,-1.062003370372500005e-01,7.432295919627619485e-01,2.442029080234309896e-02
-6.486773047206359499e-02,8.622979422936295490e-01,-1.204056893590159938e-01,6.663719676463729646e-01,1.932962543163229893e-02
-2.434243591889989969e-02,8.644737984668195985e-01,4.558872819030999890e-02,6.643368197960379806e-01,-3.863284487630359865e-02
-2.637611774713139942e-02,8.758928418745125510e-01,4.030282896368810042e-02,7.413710181105690467e-01,-4.295731397201400098e-02
-2.858457249280910162e-02,8.824783690883355458e-01,3.644187798055739669e-02,8.090143671801699465e-01,-4.095026914698059878e-02
-2.664752438169000134e-02,8.850389480714535573e-01,3.911259432113890072e-02,8.693390943149440497e-01,-2.357725310753780099e-02
-4.572922273235559970e-02,8.847623428305675386e-01,1.692511029295189900e-02,9.236626390701310196e-01,-2.244149907057740173e-02
-3.998748247821379970e-02,8.810906413440126039e-01,2.552559543878489892e-02,9.728774719395549830e-01,-4.482950407306340174e-02
-4.040700285321450341e-02,8.749132811892205153e-01,2.699945680809169926e-02,1.017615748377540097e+00,-3.654517439875770018e-02
-5.486178793975159812e-02,8.665954583193645755e-01,1.617555756363159986e-02,1.058339928024099930e+00,-4.359839360810859737e-02
-6.450619756106200364e-02,8.559620075233626002e-01,1.153882237883360057e-02,1.095396410126969977e+00,-3.866596445892010042e-02
-6.394606241485820131e-02,8.431705881529875102e-01,1.571853336455830003e-02,1.129049240555179967e+00,-5.136394669398809676e-02
-1.017848598559750045e-01,8.286342476182815275e-01,-5.525331926205120057e-03,1.159502147082710044e+00,-3.989703183670460090e-02
-1.146483248147320000e-01,8.121678783690156056e-01,-6.975884735124610395e-03,1.186913727454870005e+00,-4.711463882669789799e-02
-1.282370426255080020e-01,7.940028180445675154e-01,-7.272829199292790356e-03,1.211408024845149978e+00,-4.511092152253189796e-02
-1.516765667307760079e-01,7.741884882648405464e-01,-1.055576236263820050e-02,1.233082376217149889e+00,-3.371321031600080231e-02
-1.697416898036900046e-01,7.529317653007875366e-01,-8.925225100166030157e-03,1.252013021141969995e+00,-3.079797598155360056e-02
-2.209948044672900014e-01,7.300597666667915098e-01,-1.663682474318960158e-02,1.268259574063349993e+00,-4.778790440970959869e-02
-2.708836562689699856e-01,7.060217440004535883e-01,-1.806799189516620011e-02,1.281868122980839964e+00,-5.249297673382689877e-02
-3.531243471172240134e-01,6.807585410304015650e-01,-2.125723812150430089e-02,1.292873990225799963e+00,-5.163533198517750167e-02
-3.526597378226650203e-01,6.556384610088266118e-01,-1.193099288237560104e-03,1.301303536928390070e+00,-7.193234834579739778e-02
-4.338418096317500083e-01,6.297914908791005795e-01,9.058913531570010266e-03,1.307175704636470037e+00,-5.397631720968659730e-02
-3.917474376534749725e-01,6.019867266888165869e-01,3.939302681719539928e-02,1.310332828857760035e+00,-7.280590114987109396e-02
-9.513664470552799513e-01,6.306562604894965229e-01,2.923761696178039937e-02,1.306664427753420066e+00,-7.319028337955620078e-02
-8.327819729076050281e-01,6.478683177861646048e-01,8.159910495487500458e-04,1.303333675386610047e+00,-6.515561670301819874e-02
-7.640612509727040536e-01,6.671747354696385690e-01,-2.837999602901570065e-02,1.297455314071590093e+00,-5.792033768387320342e-02
-6.720536558563899865e-01,6.882080964439475368e-01,-4.616389871030959768e-02,1.289016563722499953e+00,-5.131543262262579924e-02
-6.406473563078799449e-01,7.079337575670715532e-01,-7.330594972405829468e-02,1.277998232682560076e+00,-6.361815024499699323e-02
-5.742057774755370270e-01,7.292998838541435713e-01,-8.556545167042040045e-02,1.264373474811230080e+00,-6.686865754583690147e-02
-5.274418070574230510e-01,7.495827179270255769e-01,-9.911230303811799369e-02,1.248106449392430095e+00,-5.628957540882519733e-02
-5.060957131481480520e-01,7.674872721665885189e-01,-1.197640380994839937e-01,1.229150353566750065e+00,-4.699293227801969869e-02
-4.084469857692339945e-01,7.907676162440085976e-01,-9.838513347133999443e-02,1.207444692664970010e+00,-5.859065408694349997e-02
-3.459607995028389782e-01,8.103253093982845101e-01,-8.614479117760079352e-02,1.182912115675039955e+00,-5.726363884524279801e-02
-3.223925947349490229e-01,8.260872189623825745e-01,-9.220824531067789431e-02,1.155453921157290065e+00,-5.115722838783309800e-02
-2.997531481459109748e-01,8.402998324181775169e-01,-9.650290224598820354e-02,1.124944232650070042e+00,-4.728583287062809726e-02
-2.568203694869130027e-01,8.542587774477935492e-01,-8.196950927448090618e-02,1.091222183197980033e+00,-4.845574413346660086e-02
-2.280932276187599972e-01,8.653792414375205411e-01,-7.435134432166279339e-02,1.054081018502379896e+00,-5.556998433839269863e-02
-2.170410921215699951e-01,8.734105918929515600e-01,-8.022748699363170533e-02,1.013252650961129930e+00,-5.279337279680500206e-02
-2.073963973175169950e-01,8.790718033144175880e-01,-8.683420981918009429e-02,9.683850260191300130e-01,-5.440003691642499722e-02
-1.867031512729609988e-01,8.829472761870436059e-01,-7.995108810479159556e-02,9.190075817592989749e-01,-5.401747036794250084e-02
-1.758320140117589914e-01,8.833723902304135844e-01,-8.291491935362209353e-02,8.644759105553110334e-01,-4.490071380255560018e-02
-1.744167911214009881e-01,8.798640599939445694e-01,-9.909925238926660385e-02,8.038782940928860254e-01,-3.149386900010889973e-02
-1.576947254128180098e-01,8.735735651523295342e-01,-9.312879619549969956e-02,7.358644653058750151e-01,-3.028263162294210151e-02
-1.432235330423229924e-01,8.622612908332185633e-01,-8.897419586313200235e-02,6.583003526311930198e-01,-3.141423244789370156e-02
-1.612046489686169981e-01,8.618107861112055401e-01,-3.376106217521990249e-02,6.481674273914740381e-01,-4.695972271069979997e-02
-1.690350899634980031e-01,8.741909800191435265e-01,-3.037662301012130153e-02,7.266426841347050081e-01,-5.539158039763229791e-02
-1.819349271385189981e-01,8.814826746273475289e-01,-3.429322724558379887e-02,7.952900622358269889e-01,-4.799980850697029705e-02
-1.968847803111190009e-01,8.847600378987595660e-01,-3.896699224189199839e-02,8.563526673964549918e-01,-4.929140046951090148e-02
-2.120955139065049955e-01,8.847216935919175462e-01,-4.175768081413409882e-02,9.112381517436090039e-01,-5.672063522064670071e-02
-2.308770150672319887e-01,8.817089211870765553e-01,-4.647261457691879982e-02,9.608916827553259932e-01,-6.817119996615439437e-02
-2.728092640370449740e-01,8.751036057076205799e-01,-7.171971972019219876e-02,1.005978684160679926e+00,-7.403203997928650693e-02
-3.149865251781709952e-01,8.659112941168185529e-01,-9.086910343790209621e-02,1.046983610759750105e+00,-8.004168018565979703e-02
-3.552976495029679938e-01,8.547260897184075779e-01,-1.027613345829239966e-01,1.084268179007279898e+00,-7.650109429851159604e-02
-3.897171875010440045e-01,8.422690190119745957e-01,-1.052602002847559948e-01,1.118107417827080008e+00,-7.704313536242529681e-02
-4.351687499999999931e-01,8.274837567948966077e-01,-1.114218200000000047e-01,1.148713270000000009e+00,-8.473224000000000034e-02
-4.454413761163880103e-01,8.141237367120665036e-01,-9.091092968192869550e-02,1.176250456236179964e+00,-7.224115845948110570e-02
-4.607026693579689969e-01,7.989034704184135860e-01,-7.268635150562449687e-02,1.200847893316969950e+00,-6.622650725495969615e-02
-4.708407083357210032e-01,7.824948156546575051e-01,-5.077038698700669928e-02,1.222606589119590081e+00,-7.597219465489009338e-02
-5.182767916460250257e-01,7.636783172807015685e-01,-4.446843943217829859e-02,1.241605857984920069e+00,-8.758609229008390562e-02
-5.476812077989009486e-01,7.447208069252535534e-01,-2.651215526603490150e-02,1.257907602704630090e+00,-9.097139293299449925e-02
-5.954403605639210229e-01,7.248902056465515997e-01,-1.188101184540439961e-02,1.271559843197100026e+00,-6.840704586704819679e-02
-6.588083786501569561e-01,7.049163214592455429e-01,2.839042693188450171e-03,1.282599401303819997e+00,-7.145175288998630025e-02
-7.128105496120660245e-01,6.851628765054185166e-01,2.547511896146410076e-02,1.291053758520330108e+00,-7.349874705511350026e-02
-8.023853176479349703e-01,6.667569525660685947e-01,4.568669767994459896e-02,1.296942672339099989e+00,-6.848628429041579702e-02
-8.627895151809720220e-01,6.485917600479315093e-01,7.749896023275680557e-02,1.300279281211109916e+00,-5.698444267479400166e-02
-7.066584174587470235e-01,6.538970059014335146e-01,1.464629280912289888e-01,1.291333841979880104e+00,-7.813964741520100510e-02
-6.440907692726389744e-01,6.733650258233085939e-01,1.230220707073030051e-01,1.287988756471549978e+00,-7.957772285650950572e-02
-6.049751393360800478e-01,6.945441610709395253e-01,9.877363131356439729e-02,1.282084550053800065e+00,-7.314187582064110571e-02
-4.976835780858699931e-01,7.112849751386585151e-01,9.930878006658300228e-02,1.273607634379400055e+00,-6.349672151670940345e-02
-4.686206339693840262e-01,7.326285952577825666e-01,8.212529208810620540e-02,1.262537504838519897e+00,-6.082183060306699945e-02
-4.400190600463430024e-01,7.530654483943755029e-01,6.769643600732540289e-02,1.248845560501399943e+00,-6.075784810677049841e-02
-4.004039828425079994e-01,7.720354140797816012e-01,6.130363033501289721e-02,1.232493737013619972e+00,-4.950556835481360191e-02
-3.792484075583449910e-01,7.906760896067616118e-01,4.957243929179869918e-02,1.213432283730550010e+00,-5.753767603598070046e-02
-3.599449633727799802e-01,8.080580120742415495e-01,3.899873423113889986e-02,1.191597113204230007e+00,-6.694039168842449983e-02
-3.026440951299519955e-01,8.228278735775305108e-01,5.476776057098160094e-02,1.166906348181310005e+00,-6.753469057027250422e-02
-2.944703257408520236e-01,8.377843439883945198e-01,4.295608770360249962e-02,1.139255466258650040e+00,-7.037813792896159548e-02
-2.772564110508269897e-01,8.507096550396645585e-01,3.889191896505549834e-02,1.108511276307909910e+00,-6.491248137256909467e-02
-2.575016004868340147e-01,8.617487692457145299e-01,3.903648936692630245e-02,1.074503339148120018e+00,-6.271557968811070083e-02
-2.409291709659160119e-01,8.709176189041695215e-01,3.881170675822700339e-02,1.037012330648189984e+00,-4.608871945464410036e-02
-2.155177603987570023e-01,8.776353217336045898e-01,4.982806123620810157e-02,9.957530531204640267e-01,-4.359978639994350341e-02
-2.089995586843549913e-01,8.826514302676985446e-01,4.403891991048060339e-02,9.503497019003640522e-01,-4.717209811100250144e-02
-2.048828390394480115e-01,8.851065438637885086e-01,3.605568759693839748e-02,9.002972562835620529e-01,-5.524719873045479818e-02
-1.949027049064339934e-01,8.844385336245466078e-01,3.619107812014339676e-02,8.448993854991959651e-01,-3.302910590040920163e-02
-2.066488525785299957e-01,8.807334261312315116e-01,5.316643539976989574e-03,7.831609065316189611e-01,-3.900006600485469987e-02
-1.980165135317779879e-01,8.726160116350825113e-01,3.125587803492910211e-03,7.135876959543699938e-01,-3.557777579440139781e-02
-1.893681828629980024e-01,8.593577770383965531e-01,2.194888799643670164e-03,6.337697860666690053e-01,-4.214587324848820260e-02
-2.220066602755970120e-01,8.555032535726375675e-01,2.959182069874359902e-02,6.148480404354650375e-01,3.010124980032950065e-02
-2.346651822557699885e-01,8.699990477883216000e-01,2.327567486753679901e-02,6.965211467792890021e-01,2.681743457914510104e-02
-2.505656186286420173e-01,8.791459828853165348e-01,1.534826653680089990e-02,7.673580850669680098e-01,1.732830474035949864e-02
-2.542579968483689723e-01,8.839098744248855555e-01,2.796710592293940104e-02,8.300120706458300468e-01,6.218725734977489927e-03
-2.578836004237680113e-01,8.851335697916815626e-01,4.013102948008599735e-02,8.861005793931310270e-01,1.600307849118449977e-02
-2.788774678091259784e-01,8.838668866546225411e-01,3.217462108482249672e-02,9.366886452125120499e-01,1.406069955650320058e-02
-2.718300518041200098e-01,8.790645305889716044e-01,5.691598111261680221e-02,9.825158459545819678e-01,1.029105877696609959e-02
-2.730361271835469728e-01,8.719802574210665513e-01,7.177013341190359441e-02,1.024115278437550014e+00,2.108499956267259959e-02
-3.020216617694629901e-01,8.641419433431065666e-01,6.206722526231860104e-02,1.061882139445609941e+00,1.593820404344770125e-02
-3.081437994064269992e-01,8.531575267209755564e-01,7.466489002678189379e-02,1.096115289731959930e+00,2.415288187248959897e-02
-3.494885178021769900e-01,8.421867470303365799e-01,6.202229909676149761e-02,1.127044215657869941e+00,2.097948907468469987e-02
-3.749729776306939821e-01,8.287733709692255424e-01,6.509086801894180263e-02,1.154846906243460092e+00,2.747116852082720148e-02
-4.498927709529420005e-01,8.158957902030895548e-01,4.100086591820460008e-02,1.179662366868319934e+00,1.297413035624529927e-02
-5.055862810709470523e-01,8.009307600919125525e-01,3.588892503503370024e-02,1.201599685870669898e+00,1.234215722846480033e-02
-5.532336044473940007e-01,7.848557094289255742e-01,4.058112341193390038e-02,1.220744318173049958e+00,2.697983550758080093e-02
-6.509185880506620503e-01,7.694725453566365614e-01,2.743498102315089851e-02,1.237163171903870040e+00,1.343411422313500053e-02
-7.375904288149209842e-01,7.537228241287875496e-01,2.775602052378239870e-02,1.250908271207870071e+00,3.061005915343709832e-02
-8.255320123662239773e-01,7.385231045516905679e-01,3.490625007472780011e-02,1.262019441250010088e+00,7.864688469086210734e-03
-9.233530102508440418e-01,7.246615333265515879e-01,4.543883975417799953e-02,1.270526632126129929e+00,1.639983265509360050e-02
-1.028949115732719966e+00,7.127751496023355671e-01,6.002247194792219992e-02,1.276451313124510101e+00,1.909516756391840125e-02
-1.109821383751570023e+00,7.018329201919895066e-01,8.728479933231969579e-02,1.279807812181680049e+00,3.052828202853859890e-02
-1.182560418047799988e+00,7.267058155513095308e-01,8.895739658121699922e-02,1.265673240412600098e+00,-2.912343891573280011e-02
-1.103520080014100069e+00,7.354890944477305847e-01,6.367809050430280060e-02,1.262302020058720053e+00,-5.655471238261710297e-03
-1.024135339147330015e+00,7.458505977349375593e-01,4.231153361283730013e-02,1.256350933433890038e+00,-3.087112418924850251e-04
-9.563953613070690363e-01,7.577813522489275089e-01,2.061502243916039923e-02,1.247804754702960039e+00,6.667443930750289668e-03
-8.672427632105860207e-01,7.704738649904135928e-01,1.299424138523969964e-02,1.236640742688059902e+00,-6.680396195832619989e-03
-7.793293399683429712e-01,7.840427445474045243e-01,1.141389034100760008e-02,1.222827289341180013e+00,-1.675334258110199991e-03
-6.687351833106339738e-01,7.975557304902365363e-01,2.941434115388389878e-02,1.206322282655329925e+00,-5.422086121509340356e-03
-5.771656345915060493e-01,8.107612084697505273e-01,4.653499336312850315e-02,1.187070855761630073e+00,-3.238602038143400044e-03
-5.357574779900899919e-01,8.246842818904415173e-01,4.064827734918589897e-02,1.165002493769879965e+00,1.097360860035649990e-02
-4.773124284512160198e-01,8.370262632850176132e-01,5.097555808727589899e-02,1.140027117360099984e+00,2.066966183144399935e-02
-4.546286092150860214e-01,8.493300883071795981e-01,4.055611975210839798e-02,1.112029854835419940e+00,3.421666536575190126e-02
-4.176491621124219789e-01,8.596941178687155238e-01,4.440310899214749973e-02,1.080864155157440054e+00,3.401937354843580230e-02
-3.803689747938039933e-01,8.683492232570865221e-01,5.307315042093040114e-02,1.046342165189970030e+00,1.979232155177490168e-02
-3.663734591327719725e-01,8.760019950403226119e-01,4.375109934715620125e-02,1.008221306809049977e+00,2.696047163909669891e-02
-3.417406004565770039e-01,8.811885645686116098e-01,4.737124869642100194e-02,9.661846225459940207e-01,3.065153410948449897e-02
-3.277694321454789894e-01,8.844279985510745679e-01,4.208075946744980339e-02,9.198114328595720091e-01,2.128999714846530056e-02
-3.104511757177270126e-01,8.849331597662345450e-01,4.291742270638580076e-02,8.685309982405100548e-01,2.685558637886719877e-02
-3.053859028704229983e-01,8.827822649595085114e-01,2.905192486349029990e-02,8.115456429644140046e-01,2.087863105862289986e-02
-3.015580168883669754e-01,8.769949054536555488e-01,1.259862293825039954e-02,7.476943467269639987e-01,2.598742491481960057e-02
-2.927990886189790198e-01,8.667242289883895223e-01,3.424030622125200096e-03,6.751871416247600122e-01,3.092886206468020011e-02
-2.821789078879249901e-01,8.507304737789506133e-01,-1.999823786496740096e-03,5.910206974199899710e-01,1.381306558260060081e-02
-3.009176335376440026e-01,8.437607112304155166e-01,5.521415563114809993e-02,5.617304843409900439e-01,-4.502668895359850099e-02
-3.166458402003869965e-01,8.618191017583695102e-01,4.551484117945019808e-02,6.492255897615279991e-01,-3.525343992360450290e-02
-3.368111533632839882e-01,8.737796488617475266e-01,3.371523438159509944e-02,7.239115099150570387e-01,-2.193380438219880157e-02
-3.576766174474509952e-01,8.811108600275695535e-01,2.607243015899459934e-02,7.893028472121550454e-01,-2.438192027063040140e-02
-3.710603212710469889e-01,8.846046030635915658e-01,3.258189350375770288e-02,8.474311579556830232e-01,-2.862567928806500003e-02
-4.013145264366950182e-01,8.854041023028335067e-01,1.980356303411880126e-02,8.995882876634530012e-01,-4.382706634379950061e-02
-4.227425701890010212e-01,8.834248850763785077e-01,2.182534480933299992e-02,9.466498009126680380e-01,-4.120693518801039901e-02
-4.413838124450860101e-01,8.791168054310045665e-01,2.929036704751719969e-02,9.892360243610820447e-01,-4.338846415855340116e-02
-4.710644675002769732e-01,8.730390115130085560e-01,2.820739210432009897e-02,1.027800922465579969e+00,-4.850500497118530319e-02
-5.026300418849689589e-01,8.652476048151865884e-01,2.896434706073459930e-02,1.062684733741350085e+00,-5.472830691200619713e-02
-5.167647572943030454e-01,8.553906827347486086e-01,4.724938140847580181e-02,1.094146814108869936e+00,-5.079002274426540342e-02
-5.599642080582050152e-01,8.450568886200165997e-01,4.503892002514699872e-02,1.122387607663150044e+00,-5.875115285069069937e-02
-6.324437471787219822e-01,8.343947225784855704e-01,2.728818309656250163e-02,1.147563136812230100e+00,-5.796343082888789910e-02
-6.544347112290920254e-01,8.215020582033005780e-01,4.883443832466820289e-02,1.169795623421590047e+00,-5.131370363275779972e-02
-7.221170185836760513e-01,8.093849624005525767e-01,4.552660434038779957e-02,1.189180874295920010e+00,-5.571503504886009955e-02
-7.647978034958899940e-01,7.960255462745945421e-01,6.166011699979759980e-02,1.205793961041639939e+00,-4.642746374583320290e-02
-8.340265951363979857e-01,7.836970622147835241e-01,6.799519705479130371e-02,1.219693233620809947e+00,-5.763594039650170309e-02
-9.370814842405990053e-01,7.733968405175245531e-01,6.375715680164739663e-02,1.230923591304079912e+00,-6.983552948165890062e-02
-9.824416187964150060e-01,7.609575617367515532e-01,9.139029251962779710e-02,1.239518784864410028e+00,-7.167958959196370217e-02
-1.076703776962729897e+00,7.523631012249575312e-01,1.016645512769620008e-01,1.245503146247020076e+00,-7.003908047486780142e-02
-1.194375284866709963e+00,7.472187535413995496e-01,1.069871663040899978e-01,1.248892845725720013e+00,-5.184329537295669782e-02
-1.074669211634349919e+00,7.523432692032056002e-01,1.838483268827499906e-01,1.229418126496069963e+00,-1.860535881523620039e-02
-9.872045160752549453e-01,7.592257410991135602e-01,1.722549166637830087e-01,1.226005463935440076e+00,-3.346279799224469859e-02
-9.168249860031649767e-01,7.690812250518546112e-01,1.570138079313720125e-01,1.219979910916930033e+00,-1.751002237085279994e-02
-8.531534116654669875e-01,7.801563658692826086e-01,1.428012487961100030e-01,1.211324001741310052e+00,-2.153912049686300054e-02
-8.018499430727550337e-01,7.925806868319515974e-01,1.263574961821299913e-01,1.200011486650349957e+00,-3.527044943976730129e-02
-7.109191346361379837e-01,8.012285916301885580e-01,1.370672657892489932e-01,1.186006059549369995e+00,-4.519182736046090110e-02
-6.639371487911579495e-01,8.137032740144635179e-01,1.278975479750139865e-01,1.169259467325910018e+00,-6.514026929868670102e-02
-6.327637180015409646e-01,8.268527787478056057e-01,1.123623689490040045e-01,1.149708941751949931e+00,-7.562255499479350607e-02
-5.878888886979439787e-01,8.378970615146725809e-01,1.097411329986889977e-01,1.127273896594169988e+00,-7.587669636452809563e-02
-5.433536366271449758e-01,8.478830048992375135e-01,1.114685869119809991e-01,1.101851411114789903e+00,-6.841937121322179405e-02
-5.102726424859499454e-01,8.575143395380325773e-01,1.084121966312169977e-01,1.073310141390489969e+00,-7.060805696654569308e-02
-4.874066499950699960e-01,8.664520212126525234e-01,9.979466693400529387e-02,1.041482104839410061e+00,-6.035861490158429821e-02
-4.430441174219980072e-01,8.719373420438205624e-01,1.151381280241190047e-01,1.006151157479979963e+00,-7.555120306176270339e-02
-4.115849984876440160e-01,8.764914161762715761e-01,1.230075650966380024e-01,9.670364620508169473e-01,-6.751062221916000194e-02
-4.088337582233360079e-01,8.814120771779305752e-01,1.021281002782129937e-01,9.237678692682940174e-01,-7.787707414746780632e-02
-3.909590348353459976e-01,8.825517797147305332e-01,1.001804443198049954e-01,8.758481384658579616e-01,-6.183079284806779902e-02
-3.740657459367249804e-01,8.809820712024495348e-01,9.989404397891030185e-02,8.225915285297219492e-01,-6.946750471393030313e-02
-3.572914979586599982e-01,8.761572592056435793e-01,1.028606761415079979e-01,7.630179328418760232e-01,-5.106964324537410088e-02
-3.406626393881330150e-01,8.673752472379985257e-01,1.100603354824000041e-01,6.956550881456740054e-01,-5.902717027456690080e-02
-3.303704420006520204e-01,8.540604962308565584e-01,1.107281129847590001e-01,6.181267151876930210e-01,-4.863709697783619862e-02
-3.289623819326960019e-01,8.344512831369546024e-01,9.524094158276490141e-02,5.261482075547699866e-01,-3.098577306286310132e-02
-3.629578227314880223e-01,8.226720232326165672e-01,1.243202488392149974e-01,4.829860613680270198e-01,3.255153024403260181e-02
-3.730964171002509877e-01,8.461990605504575713e-01,1.188164524591539956e-01,5.811539782970199797e-01,3.713341474869649717e-02
-3.913575230803190141e-01,8.623600375683625474e-01,1.045885066823089987e-01,6.624328608717160449e-01,6.032076694575300158e-02
-4.005499116968520013e-01,8.722044147066575492e-01,1.127604856577929943e-01,7.323311530247440526e-01,5.682441679164550175e-02
-4.060302152378250096e-01,8.774031343268205996e-01,1.281392635916590028e-01,7.937334411086930386e-01,5.064877728487870295e-02
-4.389914235475749771e-01,8.816779972825945499e-01,1.066803678139820050e-01,8.483659816735600323e-01,4.067246770047770049e-02
-4.610772780899530243e-01,8.820625064933546033e-01,1.055061244824150035e-01,8.973515905054260111e-01,4.554428131433230220e-02
-4.879336674297070076e-01,8.803616938918675805e-01,1.023073614374860052e-01,9.414631276180509545e-01,3.907268511693059998e-02
-5.215256418385429971e-01,8.770246709702375076e-01,9.585019293540640584e-02,9.812544302080320469e-01,4.744777703778529920e-02
-5.607855961749349527e-01,8.721989464350835553e-01,8.831280446126520134e-02,1.017134244653890018e+00,4.382835010096160222e-02
-5.966084974252350293e-01,8.655120042086366094e-01,8.862366286492970313e-02,1.049410672306450021e+00,5.871327440150189703e-02
-6.487504664712540059e-01,8.585083107165425442e-01,7.912823210256060558e-02,1.078319795343160026e+00,4.539848139894869794e-02
-6.988148673044349835e-01,8.502280455233495182e-01,7.670148304862209332e-02,1.104044491894450086e+00,5.733555298342869755e-02
-7.850151100357799505e-01,8.428742326710825239e-01,5.256814982391320307e-02,1.126727399221779891e+00,7.226656631918169926e-02
-8.419895798395109487e-01,8.336265181593135454e-01,5.619024812470929664e-02,1.146480214028660072e+00,7.782441617454030625e-02
-9.077354161284649781e-01,8.245790164161085345e-01,5.858422022207530194e-02,1.163390348339250036e+00,1.001741299867870000e-01
-9.853746734390570472e-01,8.162115111109605747e-01,5.836788323972180031e-02,1.177525848953900001e+00,9.418051387142180320e-02
-1.040720708262590000e+00,8.072512100101875143e-01,7.601849061106359662e-02,1.188939121483810091e+00,8.089319072635879626e-02
-1.125845193091749907e+00,8.005682055121315921e-01,8.012946347785049328e-02,1.197669583819390038e+00,8.228114871992710244e-02
-1.215399234798659966e+00,7.953028994393145368e-01,8.569570841189380617e-02,1.203745710276360015e+00,5.809521548380919970e-02
-1.314408292534849920e+00,7.921197506603006033e-01,8.932837308149049749e-02,1.207186578177319891e+00,7.197571829450190306e-02
-1.426682920163099944e+00,8.144611998073265635e-01,3.813941053488049959e-02,1.182118185671600097e+00,1.925856648798610071e-01
-1.351430475644689988e+00,8.171777488028625358e-01,2.471354950721419905e-02,1.178642900974939955e+00,2.014588846623530105e-01
-1.248554525833259987e+00,8.207466027469815240e-01,3.040702492080559968e-02,1.172504965795029941e+00,2.044831277046670059e-01
-1.169189391483820062e+00,8.260209081360435635e-01,2.456121272189600024e-02,1.163683550650209897e+00,2.039192042692339890e-01
-1.101081725387639931e+00,8.323844118266615633e-01,1.470772947382249958e-02,1.152147372324860086e+00,2.065383244626340098e-01
-1.012682390278289990e+00,8.391281035697215618e-01,2.283938900082560161e-02,1.137853238953280055e+00,2.107895771921559913e-01
-9.466388481162589796e-01,8.465427847390755156e-01,2.002257265502310063e-02,1.120743794919939917e+00,2.220671710404600041e-01
-8.914350900888380336e-01,8.541271581375395883e-01,1.333242315194570031e-02,1.100744494928360018e+00,2.344458363634369935e-01
-8.295731321223680510e-01,8.613780283582715969e-01,1.645339830940619960e-02,1.077759595743339904e+00,2.366031472939519875e-01
-7.761671994203830360e-01,8.681866569776205411e-01,1.739111274353090028e-02,1.051666536082469960e+00,2.394149945023650028e-01
-7.369410780102669811e-01,8.743380114029285499e-01,9.713086759965140413e-03,1.022308619075940062e+00,2.556731425942240232e-01
-6.992678812473970273e-01,8.794000190771495973e-01,4.014869964968069763e-03,9.894843056509049495e-01,2.480777615050860085e-01
-6.660560160717680089e-01,8.831260767150475033e-01,-2.955884360141299797e-03,9.529322131349580172e-01,2.566557698032609913e-01
-6.368094684527260130e-01,8.852117294180915641e-01,-1.141535401572459953e-02,9.123091461369069455e-01,2.600451673067690206e-01
-6.070026668805540426e-01,8.853779459855755096e-01,-1.635631849395750154e-02,8.671561686957760529e-01,2.401438651235459909e-01
-5.784020782119470017e-01,8.832529662316275232e-01,-1.980499844994920017e-02,8.168443312723769889e-01,2.341481313300740053e-01
-5.584279585224950493e-01,8.782027906225216007e-01,-3.352881722224639732e-02,7.604824805906239549e-01,2.273819723247819946e-01
-5.354901657195629827e-01,8.697813616823845129e-01,-4.133939484241509754e-02,6.967481824541119639e-01,2.137007242335720036e-01
-5.170241455498200134e-01,8.567900157074475054e-01,-5.658393851822619836e-02,6.235452375193429875e-01,2.216354984503129955e-01
-4.941987775109910053e-01,8.378855070346055145e-01,-6.327012635449309752e-02,5.372000622978080342e-01,2.313600232435620019e-01
-4.690301938975799945e-01,8.095996842933835813e-01,-6.343983153802690289e-02,4.300923189403830227e-01,2.380636965122309989e-01
-4.815727222522089845e-01,7.898428795425285198e-01,1.889733710228910096e-02,3.634006551905969995e-01,2.418634604203339922e-01
-5.025074855933949758e-01,8.251375449578585153e-01,1.307642794447329976e-02,4.844933806906939755e-01,2.557232466309939944e-01
-5.248730525683169557e-01,8.478803205817565525e-01,1.055619745999519972e-02,5.779586289068470162e-01,2.563678168387270029e-01
-5.518122441313979554e-01,8.633608164043845568e-01,3.724002003335159967e-03,6.555723037553470300e-01,2.772903889480929918e-01
-5.857338137826599844e-01,8.738032765586275508e-01,-9.794461812975460355e-03,7.223263891304989581e-01,2.759779803738749981e-01
-6.113025986552670377e-01,8.805260580436365947e-01,-4.449604621790640042e-03,7.808844668717279669e-01,2.736307620666019735e-01
-6.358761942243720267e-01,8.842667488458315628e-01,4.811543136909310001e-03,8.328583684374409879e-01,2.662347928557780019e-01
-6.668757475364549547e-01,8.855895161110776126e-01,7.971515083379990610e-03,8.793042748055599489e-01,2.726504757942940227e-01
-7.043902586350240247e-01,8.849503834044075701e-01,6.665155117320580198e-03,9.209529999672130263e-01,2.635659610570389999e-01
-7.501099585927369917e-01,8.826934189680976095e-01,3.418401692817669827e-04,9.583301519493330201e-01,2.729650828009250185e-01
-7.884367327610189990e-01,8.790879830902815772e-01,6.338950490903810103e-03,9.918246046961990414e-01,2.605089120284460047e-01
-8.463614643145329630e-01,8.744755170582315662e-01,-3.203263726409770040e-03,1.021730104434489972e+00,2.590829818073249746e-01
-9.041664194129830356e-01,8.690756676104005596e-01,-7.391075607075240327e-03,1.048271891674009915e+00,2.572932359088430099e-01
-9.719140342223320239e-01,8.631284670463376107e-01,-1.542656012819379995e-02,1.071624397388430072e+00,2.643442563338669893e-01
-1.043587591291559979e+00,8.569442934159066105e-01,-2.163920367754669852e-02,1.091923570049250003e+00,2.773361381251440161e-01
-1.102505072818990017e+00,8.510768099823745603e-01,-1.333551761831389994e-02,1.109275505948869922e+00,2.902010109189189779e-01
-1.174157782462869948e+00,8.454513069428445382e-01,-1.129408810304659977e-02,1.123762608741170066e+00,2.738528973861409921e-01
-1.260128561746000075e+00,8.403569644688245743e-01,-1.607108465823840066e-02,1.135448394414309892e+00,2.753548416467789806e-01
-1.352003448364379912e+00,8.360939791023415113e-01,-2.159658254175330153e-02,1.144380566656749920e+00,2.804054719977789878e-01
-1.452914353892740040e+00,8.327775518086345530e-01,-3.064035025882120081e-02,1.150593723641329946e+00,2.953776824763459929e-01
-1.536858248492779966e+00,8.311070631907685469e-01,-2.655737069968990005e-02,1.154110978297760104e+00,3.182157422681399783e-01
-1.655840439722100044e+00,8.393685369723435930e-01,-1.129424872178109995e-01,1.123034811811850053e+00,3.054308924696910177e-01
-1.588512667618450003e+00,8.393972376879135222e-01,-1.252682022309709875e-01,1.119466512883630083e+00,3.016421920458570161e-01
-1.532129703240540097e+00,8.392416615041685679e-01,-1.457206018613040055e-01,1.113161726484880099e+00,3.132979128513159739e-01
-1.427592435987119934e+00,8.451069207627615043e-01,-1.283663786777370086e-01,1.104094725248820019e+00,3.158976293474100028e-01
-1.331374471231000056e+00,8.509395170077536097e-01,-1.144899418540659963e-01,1.092226902049949988e+00,3.179049506324320151e-01
-1.270928925215379923e+00,8.543275383045665361e-01,-1.267076245874559914e-01,1.077504876660319910e+00,3.226718778921360276e-01
-1.204515186919610015e+00,8.588443237544305386e-01,-1.313963349526519886e-01,1.059857750745319960e+00,3.163772704583209805e-01
-1.121589054711880085e+00,8.653578752257445883e-01,-1.175560380543230060e-01,1.039193252531050105e+00,3.074451110445879931e-01
-1.055194614631649985e+00,8.704386252285785108e-01,-1.141994403703970040e-01,1.015392506506390013e+00,2.937624324932480158e-01
-9.968351249798660385e-01,8.746656142147545276e-01,-1.144515074564040058e-01,9.883026813036029923e-01,3.026442909083330024e-01
-9.566840254765850426e-01,8.767665691714175979e-01,-1.303648763601490124e-01,9.577268125497659934e-01,2.983841362571080236e-01
-9.139998447783079794e-01,8.783066510818425821e-01,-1.411033789015160023e-01,9.234092261658829459e-01,2.905934882799279806e-01
-8.716028508172549705e-01,8.787797670259455129e-01,-1.494288267357110067e-01,8.850137925862899824e-01,2.986896033688539731e-01
-8.320453588793610411e-01,8.775637682681325380e-01,-1.586786659162049973e-01,8.420909211458780241e-01,3.060298599400719799e-01
-7.905912548604080436e-01,8.748358916826856069e-01,-1.625405084989139937e-01,7.940244081790629460e-01,3.141131261298489852e-01
-7.421692084833849679e-01,8.707125181235535472e-01,-1.516369944101599865e-01,7.399409284535150011e-01,2.906916792665389937e-01
-6.929987049843020497e-01,8.635978435643955065e-01,-1.329916712266500101e-01,6.785448687232700227e-01,2.867181043785579919e-01
-6.496145472300689505e-01,8.517343542327985295e-01,-1.177757562987069989e-01,6.077825231766860181e-01,3.088319946653709791e-01
-6.200083859048129975e-01,8.328357790938545335e-01,-1.284036174620649950e-01,5.240558791516130022e-01,3.176786737923339987e-01
-5.852446488518540102e-01,8.052607751411615666e-01,-1.271266757012760040e-01,4.199037385580419723e-01,3.157025858489320158e-01
-5.525769935773510166e-01,7.583519944190445505e-01,-1.443459792597890090e-01,2.732067298344370010e-01,3.153076804756059781e-01
-5.686627833621630268e-01,6.989551561399285351e-01,-1.192381918903999971e-01,1.133857238414239937e-01,2.600691341710770210e-01
-6.094786548779650426e-01,7.802199096864605998e-01,-1.130401176345109948e-01,3.368625482417830219e-01,2.588982699687190081e-01
-6.494910531379739504e-01,8.162082685933235160e-01,-1.274179094651350097e-01,4.590701876497870204e-01,2.535725416427169754e-01
-6.820824236513719496e-01,8.396789681316475518e-01,-1.197451271652369975e-01,5.517958846547039720e-01,2.685623451577600074e-01
-7.165524682999320216e-01,8.557199766614815850e-01,-1.164573391582419959e-01,6.280836778749729898e-01,2.571264942082189808e-01
-7.619154593191570513e-01,8.659508108302205187e-01,-1.307604404302250001e-01,6.932447969128120446e-01,2.740609337578620019e-01
-8.104024679357320071e-01,8.723411235166385058e-01,-1.442055044892200100e-01,7.500584431801270435e-01,2.940254873332029950e-01
-8.458527651870280106e-01,8.775535070023245954e-01,-1.327686553476229991e-01,8.001870777819759528e-01,2.794874627546710122e-01
-8.836552924650199481e-01,8.805039527862386084e-01,-1.228642715827770043e-01,8.447116067011090079e-01,2.772153181117060217e-01
-9.191118977761589814e-01,8.820652869742835467e-01,-1.078108181124770026e-01,8.843758800498520145e-01,2.686744923573439747e-01
-9.672575290057959796e-01,8.813288444431726099e-01,-1.060678554991000000e-01,9.197125675875810202e-01,2.634272793832559967e-01
-1.023079873379030058e+00,8.791104968099016093e-01,-1.093978076766749935e-01,9.511144527591970377e-01,2.535277817843620274e-01
-1.076082642228340047e+00,8.765802191343695648e-01,-1.057473837595629962e-01,9.788773017779239805e-01,2.595048956174549892e-01
-1.140916251536250092e+00,8.727912143984595250e-01,-1.107409098789950003e-01,1.003227144466990017e+00,2.504525311131849952e-01
-1.231423707223529895e+00,8.665355581596925205e-01,-1.363832707286539991e-01,1.024338333977770077e+00,2.594728079152959777e-01
-1.287188367342130046e+00,8.638943386375065314e-01,-1.249904034103810069e-01,1.042346053307769971e+00,2.570820193381819774e-01
-1.349505648780809919e+00,8.610011819321025106e-01,-1.174821654319810060e-01,1.057354778074490076e+00,2.781912901858640264e-01
-1.428575304904039944e+00,8.571858052964165253e-01,-1.224682216927199946e-01,1.069444761217209994e+00,2.596209004475569793e-01
-1.493987622927180015e+00,8.553543547380055845e-01,-1.139906627639439979e-01,1.078676213715269894e+00,2.626276000173600189e-01
-1.574213034436930059e+00,8.530429304008395608e-01,-1.168407503685209986e-01,1.085092700854489944e+00,2.601993327787129884e-01
-1.672866177225279971e+00,8.498442768421325955e-01,-1.341366072508859975e-01,1.088723296360589954e+00,2.525678419183979839e-01
