  -1.6285468e+01   1.1300231e+01  -0.0000000e+00   5.4176983e+01   0.0000000e+00
  -1.6617824e+01   1.1300231e+01  -0.0000000e+00   5.3844627e+01   0.0000000e+00
  -1.6617824e+01   1.1300231e+01  -0.0000000e+00   5.3844627e+01   0.0000000e+00
  -1.6617824e+01   1.1300231e+01  -0.0000000e+00   5.3844627e+01   0.0000000e+00
  -1.6617824e+01   1.1300231e+01  -0.0000000e+00   5.3844627e+01   0.0000000e+00
  -1.6617824e+01   1.1300231e+01  -0.0000000e+00   5.4176983e+01   0.0000000e+00
  -1.6617824e+01   1.1300231e+01  -0.0000000e+00   5.3844627e+01   0.0000000e+00
  -1.6617824e+01   1.1300231e+01  -0.0000000e+00   5.3844627e+01   0.0000000e+00
  -1.6617824e+01   1.0967875e+01   3.5280000e+00   5.4176983e+01   0.0000000e+00
  -1.6617824e+01   1.0967875e+01   4.4730000e+00   5.4176983e+01   0.0000000e+00
  -1.6617824e+01   1.0967875e+01   4.5150000e+00   5.4176983e+01   0.0000000e+00
  -1.6617824e+01   1.0967875e+01   4.6200000e+00   5.4176983e+01   0.0000000e+00
  -1.7282536e+01   1.1300231e+01   4.6410000e+00   5.5174050e+01   0.0000000e+00
  -1.8279603e+01   1.1300231e+01   4.6830000e+00   5.6835829e+01   0.0000000e+00
  -1.8944315e+01   1.1964942e+01   4.6830000e+00   5.8497608e+01   0.0000000e+00
  -1.8944315e+01   1.3294366e+01   4.7040000e+00   5.9494676e+01   0.0000000e+00
  -1.8279603e+01   1.4623789e+01   4.6830000e+00   6.0491743e+01   0.0000000e+00
  -1.8279603e+01   1.5953212e+01   4.6620000e+00   6.1488811e+01   0.0000000e+00
  -1.8611959e+01   1.7282635e+01   4.6410000e+00   6.2485878e+01   0.0000000e+00
  -1.8611959e+01   1.8612059e+01   4.5990000e+00   6.3150590e+01   0.0000000e+00
  -1.8279603e+01   2.0273838e+01   4.5990000e+00   6.4480013e+01   0.0000000e+00
  -1.7947247e+01   2.1935617e+01   4.5780000e+00   6.4812369e+01   0.0000000e+00
  -1.7614891e+01   2.3265040e+01   4.5570000e+00   6.5477080e+01   0.0000000e+00
  -1.7282536e+01   2.4594463e+01   4.5570000e+00   6.5477080e+01   0.0000000e+00
  -1.6950180e+01   2.7253310e+01   4.5570000e+00   6.5144725e+01   0.0000000e+00
  -1.6617824e+01   3.0244512e+01   4.5780000e+00   6.4480013e+01   0.0000000e+00
  -1.5953112e+01   3.2571003e+01   4.5780000e+00   6.4147657e+01   0.0000000e+00
  -1.5288401e+01   3.5229849e+01   4.6200000e+00   6.3482945e+01   0.0000000e+00
  -1.4623689e+01   3.7888696e+01   4.6620000e+00   6.2818234e+01   0.0000000e+00
  -1.3626622e+01   4.0547543e+01   4.5570000e+00   6.1156455e+01   0.0000000e+00
  -1.3294266e+01   4.2874033e+01   4.4520000e+00   5.9162320e+01   0.0000000e+00
  -1.2961910e+01   4.4868168e+01   4.4100000e+00   5.7500541e+01   0.0000000e+00
  -1.1964843e+01   4.6197591e+01   4.3050000e+00   5.6171117e+01   0.0000000e+00
  -1.1632487e+01   4.6862303e+01   4.1790000e+00   5.5838762e+01   0.0000000e+00
  -1.1300131e+01   4.7194659e+01   4.1580000e+00   5.4509338e+01   0.0000000e+00
  -1.0967775e+01   4.7194659e+01   4.1580000e+00   5.4509338e+01   0.0000000e+00
  -1.0967775e+01   4.7194659e+01   4.1580000e+00   5.4176983e+01   0.0000000e+00
  -1.0967775e+01   4.7194659e+01   4.1580000e+00   5.3844627e+01   0.0000000e+00
  -1.0635419e+01   4.7194659e+01   4.1580000e+00   5.3512271e+01   0.0000000e+00
  -1.0635419e+01   4.7194659e+01   4.1580000e+00   5.3512271e+01   0.0000000e+00
  -1.0303064e+01   4.7194659e+01   4.1580000e+00   5.3179915e+01   0.0000000e+00
  -1.0303064e+01   4.7194659e+01   4.1580000e+00   5.3179915e+01   0.0000000e+00
  -1.0303064e+01   4.7194659e+01   4.1580000e+00   5.3179915e+01   0.0000000e+00
  -9.9707077e+00   4.7194659e+01   4.1580000e+00   5.3179915e+01   0.0000000e+00
  -9.9707077e+00   4.7194659e+01   4.1580000e+00   5.3179915e+01   0.0000000e+00
  -9.6383519e+00   4.7194659e+01   4.1580000e+00   5.3179915e+01   0.0000000e+00
  -9.6383519e+00   4.7194659e+01   4.1580000e+00   5.3179915e+01   0.0000000e+00
  -9.3059961e+00   4.7194659e+01   4.1580000e+00   5.2847559e+01   0.0000000e+00
  -9.6383519e+00   4.7194659e+01   4.1580000e+00   5.2847559e+01   0.0000000e+00
  -9.3059961e+00   4.7194659e+01   4.1580000e+00   5.2515204e+01   0.0000000e+00
