  -1.9276671e+01   9.9708074e+00  -0.0000000e+00   4.5868087e+01   0.0000000e+00
  -1.9609026e+01   9.9708074e+00  -0.0000000e+00   4.5868087e+01   0.0000000e+00
  -1.9609026e+01   9.9708074e+00  -0.0000000e+00   4.5868087e+01   0.0000000e+00
  -1.9609026e+01   9.9708074e+00  -0.0000000e+00   4.5868087e+01   0.0000000e+00
  -1.9609026e+01   9.9708074e+00  -0.0000000e+00   4.5868087e+01   0.0000000e+00
  -1.9609026e+01   9.9708074e+00  -0.0000000e+00   4.5868087e+01   0.0000000e+00
  -1.9609026e+01   9.9708074e+00  -0.0000000e+00   4.5868087e+01   0.0000000e+00
  -1.9609026e+01   9.9708074e+00  -0.0000000e+00   4.5868087e+01   0.0000000e+00
  -1.9609026e+01   9.9708074e+00  -0.0000000e+00   4.5868087e+01   0.0000000e+00
  -1.9609026e+01   9.9708074e+00  -0.0000000e+00   4.5868087e+01   0.0000000e+00
  -1.9276671e+01   9.9708074e+00  -0.0000000e+00   4.5868087e+01   0.0000000e+00
  -1.9276671e+01   9.9708074e+00  -0.0000000e+00   4.5868087e+01   0.0000000e+00
  -1.9609026e+01   9.9708074e+00  -0.0000000e+00   4.5868087e+01   0.0000000e+00
  -1.9609026e+01   9.9708074e+00  -0.0000000e+00   4.5868087e+01   0.0000000e+00
  -1.9941382e+01   9.9708074e+00  -0.0000000e+00   4.6200443e+01   0.0000000e+00
  -1.9941382e+01   9.6384516e+00  -0.0000000e+00   4.7529866e+01   0.0000000e+00
  -2.0273738e+01   8.9737400e+00  -2.1000000e-02   4.8859290e+01   0.0000000e+00
  -2.0273738e+01   8.6413842e+00  -2.1000000e-02   4.9524001e+01   0.0000000e+00
  -2.0273738e+01   7.9766725e+00   8.4000000e-02   4.9856357e+01   0.0000000e+00
  -2.0606094e+01   8.3090283e+00   1.6800000e-01   5.0521069e+01   0.0000000e+00
  -2.0938450e+01   8.3090283e+00   2.1000000e-01   5.2847559e+01   0.0000000e+00
  -2.1603161e+01   9.3060958e+00   2.1000000e-01   5.5174050e+01   0.0000000e+00
  -2.1935517e+01   1.0635519e+01   2.1000000e-01   5.6171117e+01   0.0000000e+00
  -2.1935517e+01   1.2297298e+01   1.8900000e-01   5.6835829e+01   0.0000000e+00
  -2.1270805e+01   1.4291433e+01   1.6800000e-01   5.7168185e+01   0.0000000e+00
  -2.0273738e+01   1.6617924e+01   1.6800000e-01   5.7832897e+01   0.0000000e+00
  -1.9941382e+01   1.8612059e+01   1.0500000e-01   5.8165252e+01   0.0000000e+00
  -1.9609026e+01   2.1270905e+01   2.1000000e-02   5.8497608e+01   0.0000000e+00
  -1.8944315e+01   2.3597396e+01  -1.1340000e+00   5.9162320e+01   0.0000000e+00
  -1.8944315e+01   2.5259175e+01  -3.4650000e+00   6.0159387e+01   0.0000000e+00
  -1.8944315e+01   2.6920954e+01  -4.8930000e+00   6.1156455e+01   0.0000000e+00
  -1.8944315e+01   2.8250377e+01  -5.7750000e+00   6.2153522e+01   0.0000000e+00
  -1.8611959e+01   3.0244512e+01  -6.3000000e+00   6.2485878e+01   0.0000000e+00
  -1.7947247e+01   3.2238647e+01  -7.9800000e+00   6.3150590e+01   0.0000000e+00
  -1.7282536e+01   3.4232782e+01  -1.0122000e+01   6.3150590e+01   0.0000000e+00
  -1.6285468e+01   3.6891629e+01  -1.1760000e+01   6.2818234e+01   0.0000000e+00
  -1.4956045e+01   3.9550475e+01  -1.3314000e+01   6.2818234e+01   0.0000000e+00
  -1.4291333e+01   4.1544610e+01  -1.4490000e+01   6.2153522e+01   0.0000000e+00
  -1.3626622e+01   4.3206389e+01  -1.5036000e+01   6.1488811e+01   0.0000000e+00
  -1.3294266e+01   4.4868168e+01  -1.6254000e+01   6.0491743e+01   0.0000000e+00
  -1.1964843e+01   4.6529947e+01  -1.7661000e+01   5.9162320e+01   0.0000000e+00
  -1.0967775e+01   4.8191726e+01  -1.9425000e+01   5.7832897e+01   0.0000000e+00
  -9.6383519e+00   5.0518217e+01  -2.0727000e+01   5.6171117e+01   0.0000000e+00
  -8.6412845e+00   5.2179996e+01  -2.1336000e+01   5.4841694e+01   0.0000000e+00
  -7.6442170e+00   5.3177064e+01  -2.1672000e+01   5.4176983e+01   0.0000000e+00
  -6.6471496e+00   5.3177064e+01  -2.1777000e+01   5.3512271e+01   0.0000000e+00
  -5.6500821e+00   5.3177064e+01  -2.1798000e+01   5.2847559e+01   0.0000000e+00
  -5.3177263e+00   5.3177064e+01  -2.1798000e+01   5.2515204e+01   0.0000000e+00
  -5.3177263e+00   5.3177064e+01  -2.1798000e+01   5.2515204e+01   0.0000000e+00
  -5.3177263e+00   5.3177064e+01  -2.1798000e+01   5.2515204e+01   0.0000000e+00
