  -1.8611959e+01   4.3207586e+00  -0.0000000e+00   5.3179915e+01   0.0000000e+00
  -1.8611959e+01   4.3207586e+00  -0.0000000e+00   5.3179915e+01   0.0000000e+00
  -1.8611959e+01   4.3207586e+00  -0.0000000e+00   5.3179915e+01   0.0000000e+00
  -1.8611959e+01   4.3207586e+00  -0.0000000e+00   5.2847559e+01   0.0000000e+00
  -1.8944315e+01   4.3207586e+00  -0.0000000e+00   5.2847559e+01   0.0000000e+00
  -1.8944315e+01   4.3207586e+00  -0.0000000e+00   5.2847559e+01   0.0000000e+00
  -1.8944315e+01   4.3207586e+00  -0.0000000e+00   5.2847559e+01   0.0000000e+00
  -1.9276671e+01   4.3207586e+00  -0.0000000e+00   5.2847559e+01   0.0000000e+00
  -1.8611959e+01   4.3207586e+00   1.7220000e+00   5.2847559e+01   0.0000000e+00
  -1.8611959e+01   4.3207586e+00   2.3730000e+00   5.3844627e+01   0.0000000e+00
  -1.8611959e+01   4.6531144e+00   2.7720000e+00   5.5838762e+01   0.0000000e+00
  -1.8279603e+01   6.3148935e+00   2.7720000e+00   5.8165252e+01   0.0000000e+00
  -1.8279603e+01   8.3090283e+00   2.8140000e+00   6.0159387e+01   0.0000000e+00
  -1.8944315e+01   9.9708074e+00   2.8140000e+00   6.1821166e+01   0.0000000e+00
  -1.9609026e+01   1.1964942e+01   2.8140000e+00   6.3150590e+01   0.0000000e+00
  -1.9609026e+01   1.3959077e+01   2.8140000e+00   6.3815301e+01   0.0000000e+00
  -1.9276671e+01   1.5953212e+01   2.8140000e+00   6.5144725e+01   0.0000000e+00
  -1.8944315e+01   1.8279703e+01   2.8140000e+00   6.5477080e+01   0.0000000e+00
  -1.7947247e+01   2.0938549e+01   2.7930000e+00   6.6474148e+01   0.0000000e+00
  -1.6950180e+01   2.3597396e+01   2.7930000e+00   6.6141792e+01   0.0000000e+00
  -1.6285468e+01   2.6588598e+01   2.7930000e+00   6.5809436e+01   0.0000000e+00
  -1.5620757e+01   2.8915089e+01   2.7930000e+00   6.6474148e+01   0.0000000e+00
  -1.5288401e+01   3.0909224e+01   2.7720000e+00   6.6474148e+01   0.0000000e+00
  -1.5620757e+01   3.3235715e+01   2.4570000e+00   6.6141792e+01   0.0000000e+00
  -1.5288401e+01   3.5562205e+01   1.6590000e+00   6.5809436e+01   0.0000000e+00
  -1.4623689e+01   3.7888696e+01   2.9400000e-01   6.4812369e+01   0.0000000e+00
  -1.3294266e+01   4.0547543e+01  -1.4280000e+00   6.3150590e+01   0.0000000e+00
  -1.1964843e+01   4.2541677e+01  -3.0450000e+00   6.1488811e+01   0.0000000e+00
  -1.1300131e+01   4.4535812e+01  -3.6120000e+00   6.0491743e+01   0.0000000e+00
  -1.0967775e+01   4.5200524e+01  -3.8430000e+00   5.9827031e+01   0.0000000e+00
  -1.0967775e+01   4.5200524e+01  -3.8430000e+00   5.9494676e+01   0.0000000e+00
  -1.0635419e+01   4.5200524e+01  -3.8430000e+00   5.9162320e+01   0.0000000e+00
  -1.0635419e+01   4.5200524e+01  -3.8430000e+00   5.9162320e+01   0.0000000e+00
  -1.0635419e+01   4.5200524e+01  -3.8430000e+00   5.9162320e+01   0.0000000e+00
  -1.0635419e+01   4.5200524e+01  -3.8430000e+00   5.9162320e+01   0.0000000e+00
  -1.0635419e+01   4.5200524e+01  -3.8430000e+00   5.8829964e+01   0.0000000e+00
  -1.0635419e+01   4.5200524e+01  -3.8430000e+00   5.8829964e+01   0.0000000e+00
  -1.0635419e+01   4.4868168e+01  -3.8430000e+00   5.8829964e+01   0.0000000e+00
  -1.0303064e+01   4.5200524e+01  -3.8430000e+00   5.8829964e+01   0.0000000e+00
  -1.0635419e+01   4.5200524e+01  -3.8430000e+00   5.8829964e+01   0.0000000e+00
  -1.0635419e+01   4.5200524e+01  -3.8430000e+00   5.8829964e+01   0.0000000e+00
  -1.0635419e+01   4.4868168e+01  -3.8430000e+00   5.8829964e+01   0.0000000e+00
  -1.0967775e+01   4.4868168e+01  -3.8640000e+00   5.8497608e+01   0.0000000e+00
  -1.0967775e+01   4.4868168e+01  -3.8640000e+00   5.8829964e+01   0.0000000e+00
  -1.0635419e+01   4.4868168e+01  -3.8640000e+00   5.8829964e+01   0.0000000e+00
  -1.0635419e+01   4.4868168e+01  -3.8640000e+00   5.8497608e+01   0.0000000e+00
  -9.9707077e+00   4.4868168e+01  -3.8850000e+00   5.8497608e+01   0.0000000e+00
  -9.9707077e+00   4.4868168e+01  -3.8850000e+00   5.8497608e+01   0.0000000e+00
  -9.9707077e+00   4.4868168e+01  -3.8850000e+00   5.8497608e+01   0.0000000e+00
  -9.6383519e+00   4.5200524e+01  -3.8850000e+00   5.8497608e+01   0.0000000e+00
