  -1.8944315e+01   8.3090283e+00  -0.0000000e+00   4.6865155e+01   0.0000000e+00
  -1.8944315e+01   8.3090283e+00  -0.0000000e+00   4.6865155e+01   0.0000000e+00
  -1.8944315e+01   8.3090283e+00  -0.0000000e+00   4.6865155e+01   0.0000000e+00
  -1.9276671e+01   8.3090283e+00  -0.0000000e+00   4.6865155e+01   0.0000000e+00
  -1.8944315e+01   8.3090283e+00  -0.0000000e+00   4.6865155e+01   0.0000000e+00
  -1.9276671e+01   8.3090283e+00  -2.1000000e-02   4.6532799e+01   0.0000000e+00
  -1.9609026e+01   8.3090283e+00  -2.1000000e-02   4.7197510e+01   0.0000000e+00
  -1.9609026e+01   8.3090283e+00  -0.0000000e+00   4.7862222e+01   0.0000000e+00
  -1.9609026e+01   7.3119609e+00   2.1000000e-02   5.1850492e+01   0.0000000e+00
  -1.9609026e+01   7.6443167e+00   2.1000000e-01   5.7168185e+01   0.0000000e+00
  -1.9609026e+01   9.9708074e+00   1.6800000e-01   6.1156455e+01   0.0000000e+00
  -1.8611959e+01   1.3959077e+01   8.4000000e-02   6.4147657e+01   0.0000000e+00
  -1.7282536e+01   1.6950280e+01   2.1000000e-02   6.6474148e+01   0.0000000e+00
  -1.6285468e+01   1.9609126e+01   2.1000000e-02   6.7803571e+01   0.0000000e+00
  -1.5620757e+01   2.2267973e+01  -0.0000000e+00   6.9132994e+01   0.0000000e+00
  -1.4956045e+01   2.5259175e+01  -2.1000000e-02   6.9465350e+01   0.0000000e+00
  -1.4291333e+01   2.7918022e+01  -2.1000000e-02   6.9132994e+01   0.0000000e+00
  -1.3294266e+01   3.1241580e+01  -4.2000000e-02   6.8800639e+01   0.0000000e+00
  -1.2297198e+01   3.4232782e+01  -5.6700000e-01   6.7138859e+01   0.0000000e+00
  -1.0635419e+01   3.8221052e+01  -3.8220000e+00   6.5477080e+01   0.0000000e+00
  -8.3089286e+00   4.1544610e+01  -7.8750000e+00   6.3482945e+01   0.0000000e+00
  -6.6471496e+00   4.4868168e+01  -1.0542000e+01   6.1488811e+01   0.0000000e+00
  -4.9853705e+00   4.8191726e+01  -1.2432000e+01   5.8829964e+01   0.0000000e+00
  -3.9883030e+00   5.0185861e+01  -1.3209000e+01   5.7832897e+01   0.0000000e+00
  -2.6588798e+00   5.0850573e+01  -1.3356000e+01   5.6835829e+01   0.0000000e+00
  -2.6588798e+00   5.0850573e+01  -1.3356000e+01   5.6171117e+01   0.0000000e+00
  -2.3265239e+00   5.0850573e+01  -1.3356000e+01   5.5506406e+01   0.0000000e+00
  -1.9941681e+00   5.0850573e+01  -1.3356000e+01   5.5506406e+01   0.0000000e+00
  -1.9941681e+00   5.0850573e+01  -1.3377000e+01   5.5174050e+01   0.0000000e+00
  -2.3265239e+00   5.0850573e+01  -1.3398000e+01   5.5174050e+01   0.0000000e+00
  -1.9941681e+00   5.0850573e+01  -1.3377000e+01   5.5174050e+01   0.0000000e+00
  -1.9941681e+00   5.0850573e+01  -1.3356000e+01   5.4841694e+01   0.0000000e+00
  -1.9941681e+00   5.0850573e+01  -1.3356000e+01   5.4509338e+01   0.0000000e+00
  -1.9941681e+00   5.0850573e+01  -1.3335000e+01   5.4509338e+01   0.0000000e+00
  -1.9941681e+00   5.0850573e+01  -1.3314000e+01   5.3844627e+01   0.0000000e+00
  -1.6618123e+00   5.0850573e+01  -1.3293000e+01   5.3844627e+01   0.0000000e+00
  -1.6618123e+00   5.0850573e+01  -1.3293000e+01   5.3844627e+01   0.0000000e+00
  -1.6618123e+00   5.0850573e+01  -1.3293000e+01   5.3844627e+01   0.0000000e+00
  -1.6618123e+00   5.0850573e+01  -1.3272000e+01   5.3179915e+01   0.0000000e+00
  -1.3294565e+00   5.0850573e+01  -1.3251000e+01   5.3179915e+01   0.0000000e+00
  -1.3294565e+00   5.0850573e+01  -1.3251000e+01   5.3179915e+01   0.0000000e+00
  -1.3294565e+00   5.0850573e+01  -1.3251000e+01   5.3179915e+01   0.0000000e+00
  -1.3294565e+00   5.0850573e+01  -1.3272000e+01   5.3179915e+01   0.0000000e+00
  -1.3294565e+00   5.0850573e+01  -1.3272000e+01   5.3179915e+01   0.0000000e+00
  -1.3294565e+00   5.0850573e+01  -1.3251000e+01   5.3179915e+01   0.0000000e+00
  -1.3294565e+00   5.0850573e+01  -1.3251000e+01   5.3179915e+01   0.0000000e+00
  -1.3294565e+00   5.0850573e+01  -1.3251000e+01   5.3179915e+01   0.0000000e+00
  -1.3294565e+00   5.0850573e+01  -1.3251000e+01   5.3179915e+01   0.0000000e+00
  -9.9710068e-01   5.0850573e+01  -1.3251000e+01   5.3179915e+01   0.0000000e+00
  -1.3294565e+00   5.0850573e+01  -1.3272000e+01   5.3179915e+01   0.0000000e+00
