  -1.9609026e+01   8.9737400e+00  -0.0000000e+00   5.2182848e+01   0.0000000e+00
  -1.9276671e+01   8.9737400e+00  -0.0000000e+00   5.2182848e+01   0.0000000e+00
  -1.9276671e+01   9.3060958e+00  -0.0000000e+00   5.2515204e+01   0.0000000e+00
  -1.9276671e+01   8.9737400e+00  -0.0000000e+00   5.2182848e+01   0.0000000e+00
  -1.9276671e+01   9.3060958e+00  -0.0000000e+00   5.2182848e+01   0.0000000e+00
  -1.9276671e+01   8.9737400e+00  -0.0000000e+00   5.2182848e+01   0.0000000e+00
  -1.9276671e+01   8.9737400e+00  -0.0000000e+00   5.1850492e+01   0.0000000e+00
  -1.9941382e+01   8.9737400e+00  -2.1000000e-02   5.0853424e+01   0.0000000e+00
  -2.0273738e+01   8.9737400e+00  -4.2000000e-02   5.0188713e+01   0.0000000e+00
  -2.0606094e+01   9.3060958e+00  -1.0500000e-01   4.9524001e+01   0.0000000e+00
  -2.0606094e+01   9.3060958e+00  -2.5200000e-01   4.9191645e+01   0.0000000e+00
  -2.0273738e+01   9.3060958e+00  -2.7300000e-01   5.0188713e+01   0.0000000e+00
  -1.9941382e+01   9.3060958e+00  -2.5200000e-01   5.2182848e+01   0.0000000e+00
  -2.0273738e+01   9.9708074e+00  -2.5200000e-01   5.4841694e+01   0.0000000e+00
  -2.0273738e+01   1.1300231e+01  -2.5200000e-01   5.8165252e+01   0.0000000e+00
  -1.9609026e+01   1.2297298e+01  -1.3860000e+00   6.1156455e+01   0.0000000e+00
  -1.8944315e+01   1.3626721e+01  -2.8140000e+00   6.4147657e+01   0.0000000e+00
  -1.8611959e+01   1.5288500e+01  -4.2000000e+00   6.6806504e+01   0.0000000e+00
  -1.8279603e+01   1.6285568e+01  -5.0400000e+00   6.8800639e+01   0.0000000e+00
  -1.7947247e+01   1.7947347e+01  -5.5860000e+00   7.0794773e+01   0.0000000e+00
  -1.7614891e+01   1.9276770e+01  -6.2790000e+00   7.3121264e+01   0.0000000e+00
  -1.7614891e+01   2.1270905e+01  -6.4050000e+00   7.3785976e+01   0.0000000e+00
  -1.7282536e+01   2.3597396e+01  -7.8120000e+00   7.3121264e+01   0.0000000e+00
  -1.6617824e+01   2.6920954e+01  -9.7650000e+00   7.2788908e+01   0.0000000e+00
  -1.5953112e+01   2.9912156e+01  -1.2159000e+01   7.2788908e+01   0.0000000e+00
  -1.5288401e+01   3.2571003e+01  -1.4091000e+01   7.2456552e+01   0.0000000e+00
  -1.4956045e+01   3.5229849e+01  -1.5477000e+01   7.2124197e+01   0.0000000e+00
  -1.4623689e+01   3.8553408e+01  -1.7682000e+01   7.1791841e+01   0.0000000e+00
  -1.3626622e+01   4.2541677e+01  -2.1105000e+01   7.0130062e+01   0.0000000e+00
  -1.2297198e+01   4.7194659e+01  -2.4381000e+01   6.8468283e+01   0.0000000e+00
  -1.0967775e+01   4.9853505e+01  -2.5242000e+01   6.7138859e+01   0.0000000e+00
  -9.9707077e+00   5.1182929e+01  -2.5473000e+01   6.5477080e+01   0.0000000e+00
  -9.9707077e+00   5.1182929e+01  -2.5473000e+01   6.4480013e+01   0.0000000e+00
  -9.6383519e+00   5.1182929e+01  -2.5494000e+01   6.4480013e+01   0.0000000e+00
  -9.9707077e+00   5.1182929e+01  -2.5494000e+01   6.4812369e+01   0.0000000e+00
  -9.6383519e+00   5.1182929e+01  -2.5494000e+01   6.4812369e+01   0.0000000e+00
  -9.6383519e+00   5.1182929e+01  -2.5494000e+01   6.4812369e+01   0.0000000e+00
  -9.6383519e+00   5.1182929e+01  -2.5494000e+01   6.4812369e+01   0.0000000e+00
  -9.6383519e+00   5.1182929e+01  -2.5515000e+01   6.4812369e+01   0.0000000e+00
  -9.6383519e+00   5.1182929e+01  -2.5515000e+01   6.4480013e+01   0.0000000e+00
  -9.6383519e+00   5.1182929e+01  -2.5515000e+01   6.4480013e+01   0.0000000e+00
  -9.6383519e+00   5.1182929e+01  -2.5515000e+01   6.4480013e+01   0.0000000e+00
  -9.3059961e+00   5.1182929e+01  -2.5515000e+01   6.4480013e+01   0.0000000e+00
  -9.6383519e+00   5.1182929e+01  -2.5515000e+01   6.4480013e+01   0.0000000e+00
  -9.3059961e+00   5.1182929e+01  -2.5515000e+01   6.4480013e+01   0.0000000e+00
  -9.3059961e+00   5.1182929e+01  -2.5515000e+01   6.4480013e+01   0.0000000e+00
  -9.6383519e+00   5.1182929e+01  -2.5515000e+01   6.4147657e+01   0.0000000e+00
  -9.3059961e+00   5.1182929e+01  -2.5515000e+01   6.4147657e+01   0.0000000e+00
  -9.3059961e+00   5.1182929e+01  -2.5515000e+01   6.4147657e+01   0.0000000e+00
  -8.9736403e+00   5.1182929e+01  -2.5515000e+01   6.4147657e+01   0.0000000e+00
