  -1.9276671e+01   1.0635519e+01  -0.0000000e+00   4.7529866e+01   0.0000000e+00
  -1.8944315e+01   1.0635519e+01  -0.0000000e+00   4.7529866e+01   0.0000000e+00
  -1.8944315e+01   1.0635519e+01  -0.0000000e+00   4.7529866e+01   0.0000000e+00
  -1.8944315e+01   1.0635519e+01  -0.0000000e+00   4.7529866e+01   0.0000000e+00
  -1.9276671e+01   1.0635519e+01  -0.0000000e+00   4.7529866e+01   0.0000000e+00
  -1.8944315e+01   1.0635519e+01  -0.0000000e+00   4.7862222e+01   0.0000000e+00
  -1.8944315e+01   1.0635519e+01  -0.0000000e+00   4.7529866e+01   0.0000000e+00
  -1.8944315e+01   1.0635519e+01  -0.0000000e+00   4.7529866e+01   0.0000000e+00
  -1.8611959e+01   1.0635519e+01  -0.0000000e+00   4.7529866e+01   0.0000000e+00
  -1.8944315e+01   1.0635519e+01  -0.0000000e+00   4.7529866e+01   0.0000000e+00
  -1.8944315e+01   1.0635519e+01  -0.0000000e+00   4.7529866e+01   0.0000000e+00
  -1.8944315e+01   1.0635519e+01  -0.0000000e+00   4.7529866e+01   0.0000000e+00
  -1.8944315e+01   1.0635519e+01  -0.0000000e+00   4.7529866e+01   0.0000000e+00
  -1.8944315e+01   1.0635519e+01  -0.0000000e+00   4.7529866e+01   0.0000000e+00
  -1.9276671e+01   1.0635519e+01  -0.0000000e+00   4.7529866e+01   0.0000000e+00
  -1.9276671e+01   1.0635519e+01  -0.0000000e+00   4.7529866e+01   0.0000000e+00
  -1.9276671e+01   1.0635519e+01  -2.1000000e-02   4.7529866e+01   0.0000000e+00
  -1.9941382e+01   1.0635519e+01  -0.0000000e+00   4.7529866e+01   0.0000000e+00
  -1.9941382e+01   1.0635519e+01  -0.0000000e+00   4.7862222e+01   0.0000000e+00
  -2.0606094e+01   1.0635519e+01  -0.0000000e+00   4.9191645e+01   0.0000000e+00
  -2.2267873e+01   1.0635519e+01  -4.2000000e-02   5.2182848e+01   0.0000000e+00
  -2.3929652e+01   1.1300231e+01  -1.0500000e-01   5.5174050e+01   0.0000000e+00
  -2.5591431e+01   1.2962010e+01  -4.2000000e-02   5.7832897e+01   0.0000000e+00
  -2.6588499e+01   1.4291433e+01  -2.1000000e-02   5.9162320e+01   0.0000000e+00
  -2.7253210e+01   1.6617924e+01  -2.1000000e-02   6.0159387e+01   0.0000000e+00
  -2.7585566e+01   1.8279703e+01  -2.1000000e-02   6.1156455e+01   0.0000000e+00
  -2.8582633e+01   2.0938549e+01  -2.1000000e-02   6.1156455e+01   0.0000000e+00
  -2.9247345e+01   2.4926819e+01   2.1000000e-02   5.9494676e+01   0.0000000e+00
  -3.0576768e+01   2.8915089e+01   1.0500000e-01   5.7500541e+01   0.0000000e+00
  -3.0909124e+01   3.3568070e+01   2.3100000e-01   5.4509338e+01   0.0000000e+00
  -2.9912057e+01   3.8885763e+01   3.9900000e-01   5.1185780e+01   0.0000000e+00
  -2.9247345e+01   4.2541677e+01   4.6200000e-01   4.8194578e+01   0.0000000e+00
  -2.8250278e+01   4.6529947e+01   4.8300000e-01   4.5203376e+01   0.0000000e+00
  -2.7253210e+01   4.9853505e+01   4.6200000e-01   4.1215106e+01   0.0000000e+00
  -2.4926719e+01   5.2179996e+01   4.6200000e-01   3.8888615e+01   0.0000000e+00
  -2.2932585e+01   5.2179996e+01   4.2000000e-01   3.7891548e+01   0.0000000e+00
  -2.1270805e+01   5.2512352e+01   4.4100000e-01   3.7226836e+01   0.0000000e+00
  -2.1270805e+01   5.2844708e+01   4.8300000e-01   3.6562124e+01   0.0000000e+00
  -2.1603161e+01   5.2844708e+01   5.6700000e-01   3.6562124e+01   0.0000000e+00
  -2.1603161e+01   5.2844708e+01   5.6700000e-01   3.6229769e+01   0.0000000e+00
  -2.1603161e+01   5.2844708e+01   5.6700000e-01   3.6229769e+01   0.0000000e+00
  -2.1603161e+01   5.2844708e+01   6.0900000e-01   3.6229769e+01   0.0000000e+00
  -2.1270805e+01   5.2844708e+01   6.0900000e-01   3.6229769e+01   0.0000000e+00
  -2.0938450e+01   5.2844708e+01   6.0900000e-01   3.6229769e+01   0.0000000e+00
  -2.0938450e+01   5.2844708e+01   6.0900000e-01   3.6229769e+01   0.0000000e+00
  -2.0606094e+01   5.2844708e+01   6.0900000e-01   3.6229769e+01   0.0000000e+00
  -2.0273738e+01   5.2844708e+01   6.0900000e-01   3.6562124e+01   0.0000000e+00
  -1.9941382e+01   5.2844708e+01   6.0900000e-01   3.6562124e+01   0.0000000e+00
  -1.9276671e+01   5.2844708e+01   6.0900000e-01   3.6562124e+01   0.0000000e+00
  -1.9276671e+01   5.2844708e+01   6.0900000e-01   3.6229769e+01   0.0000000e+00
