  -1.6285468e+01   9.6384516e+00  -0.0000000e+00   5.2847559e+01   0.0000000e+00
  -1.6617824e+01   9.6384516e+00  -2.1000000e-02   5.2515204e+01   0.0000000e+00
  -1.6950180e+01   9.6384516e+00  -2.1000000e-02   5.2182848e+01   0.0000000e+00
  -1.6950180e+01   9.6384516e+00  -2.1000000e-02   5.2182848e+01   0.0000000e+00
  -1.7282536e+01   9.6384516e+00  -2.1000000e-02   5.2182848e+01   0.0000000e+00
  -1.7282536e+01   9.6384516e+00  -2.1000000e-02   5.2182848e+01   0.0000000e+00
  -1.7614891e+01   9.6384516e+00  -2.1000000e-02   5.2515204e+01   0.0000000e+00
  -1.7947247e+01   9.3060958e+00  -4.2000000e-02   5.2847559e+01   0.0000000e+00
  -1.7947247e+01   8.9737400e+00  -4.2000000e-02   5.3179915e+01   0.0000000e+00
  -1.7947247e+01   8.9737400e+00   1.8900000e-01   5.3512271e+01   0.0000000e+00
  -1.7947247e+01   8.9737400e+00   5.8800000e-01   5.4841694e+01   0.0000000e+00
  -1.7282536e+01   9.3060958e+00   6.0900000e-01   5.7168185e+01   0.0000000e+00
  -1.7282536e+01   1.0967875e+01   6.0900000e-01   5.9162320e+01   0.0000000e+00
  -1.7282536e+01   1.2962010e+01   6.0900000e-01   6.0824099e+01   0.0000000e+00
  -1.6950180e+01   1.4623789e+01   6.0900000e-01   6.2153522e+01   0.0000000e+00
  -1.6950180e+01   1.5953212e+01   6.0900000e-01   6.3482945e+01   0.0000000e+00
  -1.6617824e+01   1.7614991e+01   5.8800000e-01   6.5144725e+01   0.0000000e+00
  -1.6285468e+01   1.9941482e+01   5.6700000e-01   6.6474148e+01   0.0000000e+00
  -1.5288401e+01   2.2932684e+01   5.6700000e-01   6.7471215e+01   0.0000000e+00
  -1.4623689e+01   2.5259175e+01   5.6700000e-01   6.8468283e+01   0.0000000e+00
  -1.4956045e+01   2.7585666e+01   5.4600000e-01   6.8468283e+01   0.0000000e+00
  -1.4956045e+01   2.9912156e+01   5.4600000e-01   6.8468283e+01   0.0000000e+00
  -1.5288401e+01   3.1906291e+01   5.4600000e-01   6.8135927e+01   0.0000000e+00
  -1.4623689e+01   3.3900426e+01   5.6700000e-01   6.7803571e+01   0.0000000e+00
  -1.4291333e+01   3.5894561e+01   5.6700000e-01   6.7803571e+01   0.0000000e+00
  -1.4956045e+01   3.7223984e+01   5.6700000e-01   6.7138859e+01   0.0000000e+00
  -1.4623689e+01   3.9550475e+01   5.8800000e-01   6.6474148e+01   0.0000000e+00
  -1.3626622e+01   4.1876966e+01   2.1000000e-01   6.5809436e+01   0.0000000e+00
  -1.2961910e+01   4.3538745e+01  -1.1130000e+00   6.4812369e+01   0.0000000e+00
  -1.2629554e+01   4.5200524e+01  -2.1630000e+00   6.3150590e+01   0.0000000e+00
  -1.2297198e+01   4.5865236e+01  -2.7720000e+00   6.1488811e+01   0.0000000e+00
  -1.1964843e+01   4.5865236e+01  -2.8140000e+00   6.1156455e+01   0.0000000e+00
  -1.1300131e+01   4.5865236e+01  -2.8140000e+00   6.0491743e+01   0.0000000e+00
  -1.0967775e+01   4.6197591e+01  -2.8140000e+00   6.0159387e+01   0.0000000e+00
  -1.0967775e+01   4.6197591e+01  -2.8140000e+00   6.0159387e+01   0.0000000e+00
  -1.0967775e+01   4.6197591e+01  -2.8140000e+00   6.0491743e+01   0.0000000e+00
  -1.0635419e+01   4.6197591e+01  -2.8140000e+00   6.0491743e+01   0.0000000e+00
  -1.0635419e+01   4.6197591e+01  -2.8140000e+00   6.0824099e+01   0.0000000e+00
  -1.0303064e+01   4.6197591e+01  -2.8140000e+00   6.0491743e+01   0.0000000e+00
  -9.9707077e+00   4.6197591e+01  -2.8140000e+00   6.0491743e+01   0.0000000e+00
  -9.9707077e+00   4.6197591e+01  -2.8140000e+00   6.0491743e+01   0.0000000e+00
  -9.3059961e+00   4.6197591e+01  -2.8140000e+00   6.0491743e+01   0.0000000e+00
  -9.3059961e+00   4.6197591e+01  -2.8140000e+00   6.0491743e+01   0.0000000e+00
  -9.3059961e+00   4.6197591e+01  -2.8140000e+00   6.0491743e+01   0.0000000e+00
  -8.9736403e+00   4.5865236e+01  -2.8140000e+00   6.0824099e+01   0.0000000e+00
  -8.6412845e+00   4.6197591e+01  -2.8140000e+00   6.0491743e+01   0.0000000e+00
  -8.9736403e+00   4.5865236e+01  -2.8140000e+00   6.0159387e+01   0.0000000e+00
  -8.6412845e+00   4.6197591e+01  -2.8140000e+00   6.0159387e+01   0.0000000e+00
  -8.6412845e+00   4.5865236e+01  -2.8140000e+00   5.9827031e+01   0.0000000e+00
  -8.6412845e+00   4.5865236e+01  -2.8140000e+00   5.9827031e+01   0.0000000e+00
