  -1.9609026e+01   1.2297298e+01  -0.0000000e+00   4.8194578e+01   0.0000000e+00
  -1.9609026e+01   1.2297298e+01  -0.0000000e+00   4.8194578e+01   0.0000000e+00
  -1.9609026e+01   1.2297298e+01  -0.0000000e+00   4.8194578e+01   0.0000000e+00
  -1.9609026e+01   1.2297298e+01  -0.0000000e+00   4.8194578e+01   0.0000000e+00
  -1.9609026e+01   1.2297298e+01  -0.0000000e+00   4.8194578e+01   0.0000000e+00
  -1.9609026e+01   1.2297298e+01  -0.0000000e+00   4.8194578e+01   0.0000000e+00
  -1.9609026e+01   1.2297298e+01  -0.0000000e+00   4.8194578e+01   0.0000000e+00
  -1.9609026e+01   1.2297298e+01  -0.0000000e+00   4.8194578e+01   0.0000000e+00
  -1.9609026e+01   1.2297298e+01  -0.0000000e+00   4.8194578e+01   0.0000000e+00
  -1.9609026e+01   1.2297298e+01  -0.0000000e+00   4.8526934e+01   0.0000000e+00
  -1.9941382e+01   1.2297298e+01  -0.0000000e+00   4.8526934e+01   0.0000000e+00
  -1.9941382e+01   1.2297298e+01  -0.0000000e+00   4.8859290e+01   0.0000000e+00
  -1.9609026e+01   1.1964942e+01  -0.0000000e+00   4.9524001e+01   0.0000000e+00
  -1.9609026e+01   1.1632587e+01   1.0500000e-01   4.9524001e+01   0.0000000e+00
  -1.9941382e+01   1.1632587e+01   1.4700000e-01   4.9191645e+01   0.0000000e+00
  -1.9276671e+01   1.1632587e+01   3.1500000e-01   4.8526934e+01   0.0000000e+00
  -1.9609026e+01   1.1964942e+01   4.8300000e-01   4.9856357e+01   0.0000000e+00
  -1.9941382e+01   1.2297298e+01   1.1970000e+00   5.1850492e+01   0.0000000e+00
  -2.0606094e+01   1.3626721e+01   2.0370000e+00   5.3844627e+01   0.0000000e+00
  -2.1270805e+01   1.5288500e+01   2.1210000e+00   5.4841694e+01   0.0000000e+00
  -2.1603161e+01   1.7282635e+01   2.1420000e+00   5.6171117e+01   0.0000000e+00
  -2.1603161e+01   1.9276770e+01   2.2680000e+00   5.7168185e+01   0.0000000e+00
  -2.1935517e+01   2.1603261e+01   2.2680000e+00   5.7832897e+01   0.0000000e+00
  -2.2267873e+01   2.3597396e+01   2.2890000e+00   5.7832897e+01   0.0000000e+00
  -2.2932585e+01   2.5923887e+01   2.2890000e+00   5.7832897e+01   0.0000000e+00
  -2.2932585e+01   2.8250377e+01   2.2890000e+00   5.6835829e+01   0.0000000e+00
  -2.2600229e+01   3.0576868e+01   2.3310000e+00   5.5506406e+01   0.0000000e+00
  -2.2600229e+01   3.2238647e+01   2.3310000e+00   5.4509338e+01   0.0000000e+00
  -2.2267873e+01   3.4232782e+01   2.3520000e+00   5.2847559e+01   0.0000000e+00
  -2.2600229e+01   3.6559273e+01   2.3940000e+00   5.1185780e+01   0.0000000e+00
  -2.2267873e+01   3.8885763e+01   2.3940000e+00   4.9191645e+01   0.0000000e+00
  -2.1935517e+01   4.1544610e+01   2.3940000e+00   4.7197510e+01   0.0000000e+00
  -2.1603161e+01   4.4868168e+01   2.3940000e+00   4.5535731e+01   0.0000000e+00
  -2.1603161e+01   4.7859370e+01   2.4780000e+00   4.4871020e+01   0.0000000e+00
  -2.0606094e+01   5.0185861e+01   2.4570000e+00   4.3541596e+01   0.0000000e+00
  -1.9276671e+01   5.1182929e+01   2.4570000e+00   4.2544529e+01   0.0000000e+00
  -1.8611959e+01   5.1515284e+01   2.4570000e+00   4.1879817e+01   0.0000000e+00
  -1.9276671e+01   5.1515284e+01   2.4570000e+00   4.1215106e+01   0.0000000e+00
  -1.8944315e+01   5.1515284e+01   2.4570000e+00   4.0882750e+01   0.0000000e+00
  -1.8611959e+01   5.1515284e+01   2.4570000e+00   4.0882750e+01   0.0000000e+00
  -1.8279603e+01   5.1847640e+01   2.4570000e+00   4.0882750e+01   0.0000000e+00
  -1.8611959e+01   5.1847640e+01   2.4570000e+00   4.0882750e+01   0.0000000e+00
  -1.8279603e+01   5.1847640e+01   2.4570000e+00   4.0550394e+01   0.0000000e+00
  -1.7947247e+01   5.1847640e+01   2.4570000e+00   4.0550394e+01   0.0000000e+00
  -1.7947247e+01   5.1847640e+01   2.4570000e+00   4.0218038e+01   0.0000000e+00
  -1.7947247e+01   5.1847640e+01   2.4780000e+00   3.9885683e+01   0.0000000e+00
  -1.7614891e+01   5.2179996e+01   2.4780000e+00   3.9885683e+01   0.0000000e+00
  -1.7614891e+01   5.2179996e+01   2.4780000e+00   3.9553327e+01   0.0000000e+00
  -1.7614891e+01   5.2179996e+01   2.4780000e+00   3.9553327e+01   0.0000000e+00
  -1.7947247e+01   5.2179996e+01   2.4780000e+00   3.9553327e+01   0.0000000e+00
