  -1.7282536e+01   8.3090283e+00  -0.0000000e+00   4.9856357e+01   0.0000000e+00
  -1.7282536e+01   8.3090283e+00  -0.0000000e+00   4.9524001e+01   0.0000000e+00
  -1.7282536e+01   8.3090283e+00  -0.0000000e+00   4.9856357e+01   0.0000000e+00
  -1.7282536e+01   8.3090283e+00  -0.0000000e+00   4.9524001e+01   0.0000000e+00
  -1.7282536e+01   8.3090283e+00  -0.0000000e+00   4.9524001e+01   0.0000000e+00
  -1.7282536e+01   8.3090283e+00  -0.0000000e+00   4.9524001e+01   0.0000000e+00
  -1.7282536e+01   8.3090283e+00  -0.0000000e+00   4.9524001e+01   0.0000000e+00
  -1.7282536e+01   8.3090283e+00  -0.0000000e+00   4.9524001e+01   0.0000000e+00
  -1.7282536e+01   8.3090283e+00  -0.0000000e+00   4.9524001e+01   0.0000000e+00
  -1.7614891e+01   8.3090283e+00  -0.0000000e+00   4.9524001e+01   0.0000000e+00
  -1.7614891e+01   8.3090283e+00  -0.0000000e+00   4.9524001e+01   0.0000000e+00
  -1.7614891e+01   8.3090283e+00  -0.0000000e+00   4.9524001e+01   0.0000000e+00
  -1.7947247e+01   8.3090283e+00  -0.0000000e+00   4.9524001e+01   0.0000000e+00
  -1.8279603e+01   8.3090283e+00  -2.1000000e-02   4.9856357e+01   0.0000000e+00
  -1.8611959e+01   8.3090283e+00  -2.1000000e-02   4.9856357e+01   0.0000000e+00
  -1.8611959e+01   8.3090283e+00  -2.1000000e-02   4.9856357e+01   0.0000000e+00
  -1.8611959e+01   8.3090283e+00   8.4000000e-02   5.1185780e+01   0.0000000e+00
  -1.9276671e+01   9.9708074e+00   1.2810000e+00   5.2182848e+01   0.0000000e+00
  -1.9609026e+01   1.2297298e+01   1.2810000e+00   5.2847559e+01   0.0000000e+00
  -2.0273738e+01   1.4291433e+01   2.8140000e+00   5.3512271e+01   0.0000000e+00
  -2.1270805e+01   1.6950280e+01   6.5730000e+00   5.3512271e+01   0.0000000e+00
  -2.2267873e+01   1.8944414e+01   7.3500000e+00   5.3512271e+01   0.0000000e+00
  -2.2932585e+01   2.1270905e+01   7.3500000e+00   5.3179915e+01   0.0000000e+00
  -2.3929652e+01   2.3597396e+01   7.3710000e+00   5.3179915e+01   0.0000000e+00
  -2.4926719e+01   2.5923887e+01   7.3710000e+00   5.2847559e+01   0.0000000e+00
  -2.6256143e+01   2.8250377e+01   7.3710000e+00   5.2847559e+01   0.0000000e+00
  -2.7585566e+01   3.0576868e+01   7.3920000e+00   5.2182848e+01   0.0000000e+00
  -2.8250278e+01   3.2903359e+01   7.3920000e+00   5.0521069e+01   0.0000000e+00
  -2.8582633e+01   3.4565138e+01   7.3920000e+00   4.8859290e+01   0.0000000e+00
  -2.8914989e+01   3.5562205e+01   7.4130000e+00   4.8194578e+01   0.0000000e+00
  -2.8914989e+01   3.6559273e+01   7.4130000e+00   4.7862222e+01   0.0000000e+00
  -2.9247345e+01   3.7888696e+01   7.4130000e+00   4.7197510e+01   0.0000000e+00
  -2.9579701e+01   3.9550475e+01   7.4550000e+00   4.4871020e+01   0.0000000e+00
  -2.9579701e+01   4.1212254e+01   7.4760000e+00   4.3209241e+01   0.0000000e+00
  -2.9579701e+01   4.2209322e+01   7.4760000e+00   4.2212173e+01   0.0000000e+00
  -2.9579701e+01   4.2874033e+01   7.4970000e+00   4.1547462e+01   0.0000000e+00
  -2.9247345e+01   4.3206389e+01   7.4970000e+00   4.1215106e+01   0.0000000e+00
  -2.8914989e+01   4.3206389e+01   7.4970000e+00   4.0882750e+01   0.0000000e+00
  -2.8914989e+01   4.3206389e+01   7.4970000e+00   4.0882750e+01   0.0000000e+00
  -2.8914989e+01   4.3206389e+01   7.4970000e+00   4.0882750e+01   0.0000000e+00
  -2.8914989e+01   4.3206389e+01   7.4970000e+00   4.0550394e+01   0.0000000e+00
  -2.8914989e+01   4.3206389e+01   7.4970000e+00   4.0218038e+01   0.0000000e+00
  -2.8914989e+01   4.3206389e+01   7.5180000e+00   4.0550394e+01   0.0000000e+00
  -2.8914989e+01   4.3206389e+01   7.5180000e+00   4.0550394e+01   0.0000000e+00
  -2.8582633e+01   4.3206389e+01   7.5180000e+00   4.0550394e+01   0.0000000e+00
  -2.8914989e+01   4.3206389e+01   7.5180000e+00   4.0550394e+01   0.0000000e+00
  -2.8914989e+01   4.3206389e+01   7.5180000e+00   4.0218038e+01   0.0000000e+00
  -2.8914989e+01   4.3206389e+01   7.5180000e+00   4.0218038e+01   0.0000000e+00
  -2.8914989e+01   4.3206389e+01   7.5180000e+00   4.0218038e+01   0.0000000e+00
  -2.8914989e+01   4.3206389e+01   7.5180000e+00   4.0218038e+01   0.0000000e+00
