  -1.7614891e+01   6.6472493e+00  -0.0000000e+00   4.9856357e+01   0.0000000e+00
  -1.7614891e+01   6.6472493e+00  -0.0000000e+00   4.9856357e+01   0.0000000e+00
  -1.7614891e+01   6.6472493e+00  -0.0000000e+00   4.9856357e+01   0.0000000e+00
  -1.7614891e+01   6.6472493e+00  -0.0000000e+00   4.9856357e+01   0.0000000e+00
  -1.7947247e+01   6.6472493e+00  -0.0000000e+00   4.9524001e+01   0.0000000e+00
  -1.8279603e+01   6.6472493e+00  -0.0000000e+00   4.9524001e+01   0.0000000e+00
  -1.8611959e+01   6.6472493e+00  -2.1000000e-02   4.9524001e+01   0.0000000e+00
  -1.8611959e+01   6.6472493e+00  -2.1000000e-02   4.9524001e+01   0.0000000e+00
  -1.8944315e+01   6.6472493e+00  -2.1000000e-02   4.9524001e+01   0.0000000e+00
  -1.8944315e+01   6.6472493e+00  -4.2000000e-02   4.9524001e+01   0.0000000e+00
  -1.9276671e+01   6.6472493e+00  -4.2000000e-02   4.9524001e+01   0.0000000e+00
  -1.9276671e+01   7.3119609e+00  -4.2000000e-02   4.9856357e+01   0.0000000e+00
  -1.9941382e+01   9.3060958e+00  -4.2000000e-02   5.0521069e+01   0.0000000e+00
  -2.0606094e+01   1.0967875e+01  -0.0000000e+00   5.1185780e+01   0.0000000e+00
  -2.2600229e+01   1.4623789e+01   2.1000000e-02   5.2847559e+01   0.0000000e+00
  -2.2932585e+01   1.6285568e+01   2.1000000e-02   5.3844627e+01   0.0000000e+00
  -2.3264940e+01   1.7947347e+01   2.1000000e-02   5.5506406e+01   0.0000000e+00
  -2.3597296e+01   1.9276770e+01   2.1000000e-02   5.7168185e+01   0.0000000e+00
  -2.4594364e+01   2.0273838e+01   4.2000000e-02   5.8829964e+01   0.0000000e+00
  -2.5259075e+01   2.2267973e+01   4.2000000e-02   6.0159387e+01   0.0000000e+00
  -2.5259075e+01   2.3929752e+01   4.2000000e-02   6.0159387e+01   0.0000000e+00
  -2.5259075e+01   2.6588598e+01   4.2000000e-02   5.9494676e+01   0.0000000e+00
  -2.4594364e+01   2.8582733e+01   4.2000000e-02   5.8829964e+01   0.0000000e+00
  -2.4262008e+01   3.0576868e+01   4.2000000e-02   5.7832897e+01   0.0000000e+00
  -2.4262008e+01   3.3235715e+01   4.2000000e-02   5.6835829e+01   0.0000000e+00
  -2.3929652e+01   3.5562205e+01   4.2000000e-02   5.6171117e+01   0.0000000e+00
  -2.2932585e+01   3.7888696e+01   4.2000000e-02   5.4841694e+01   0.0000000e+00
  -2.2267873e+01   4.0879898e+01   2.1000000e-02   5.3179915e+01   0.0000000e+00
  -2.1935517e+01   4.3206389e+01  -0.0000000e+00   5.1850492e+01   0.0000000e+00
  -2.1935517e+01   4.4868168e+01  -0.0000000e+00   5.0188713e+01   0.0000000e+00
  -2.1603161e+01   4.6197591e+01  -2.1000000e-02   4.9191645e+01   0.0000000e+00
  -2.1270805e+01   4.6862303e+01  -4.2000000e-02   4.9191645e+01   0.0000000e+00
  -2.0273738e+01   4.6862303e+01  -4.2000000e-02   4.9524001e+01   0.0000000e+00
  -2.0273738e+01   4.6862303e+01  -4.2000000e-02   4.9191645e+01   0.0000000e+00
  -2.0273738e+01   4.6862303e+01  -4.2000000e-02   4.8526934e+01   0.0000000e+00
  -1.9941382e+01   4.6862303e+01  -4.2000000e-02   4.8526934e+01   0.0000000e+00
  -1.9941382e+01   4.6862303e+01  -4.2000000e-02   4.8526934e+01   0.0000000e+00
  -2.0273738e+01   4.6862303e+01  -4.2000000e-02   4.8526934e+01   0.0000000e+00
  -2.0273738e+01   4.6862303e+01  -4.2000000e-02   4.8526934e+01   0.0000000e+00
  -2.0273738e+01   4.6862303e+01  -4.2000000e-02   4.8859290e+01   0.0000000e+00
  -1.9941382e+01   4.6862303e+01  -4.2000000e-02   4.8859290e+01   0.0000000e+00
  -1.9941382e+01   4.6862303e+01  -4.2000000e-02   4.8526934e+01   0.0000000e+00
  -1.9941382e+01   4.6862303e+01  -4.2000000e-02   4.8526934e+01   0.0000000e+00
  -2.0273738e+01   4.6862303e+01  -4.2000000e-02   4.8526934e+01   0.0000000e+00
  -1.9941382e+01   4.6862303e+01  -4.2000000e-02   4.8194578e+01   0.0000000e+00
  -2.0273738e+01   4.6862303e+01  -4.2000000e-02   4.8194578e+01   0.0000000e+00
  -1.9941382e+01   4.6862303e+01  -4.2000000e-02   4.8194578e+01   0.0000000e+00
  -1.9609026e+01   4.6862303e+01  -4.2000000e-02   4.7862222e+01   0.0000000e+00
  -1.9609026e+01   4.6862303e+01  -4.2000000e-02   4.7862222e+01   0.0000000e+00
  -1.9609026e+01   4.6862303e+01  -4.2000000e-02   4.7529866e+01   0.0000000e+00
