  -1.6285468e+01   7.9766725e+00  -0.0000000e+00   5.4176983e+01   0.0000000e+00
  -1.5953112e+01   7.9766725e+00  -0.0000000e+00   5.4176983e+01   0.0000000e+00
  -1.5953112e+01   7.9766725e+00  -0.0000000e+00   5.4176983e+01   0.0000000e+00
  -1.5953112e+01   7.6443167e+00  -0.0000000e+00   5.4176983e+01   0.0000000e+00
  -1.6285468e+01   7.9766725e+00  -0.0000000e+00   5.3844627e+01   0.0000000e+00
  -1.6285468e+01   7.9766725e+00  -0.0000000e+00   5.3844627e+01   0.0000000e+00
  -1.6285468e+01   7.9766725e+00  -0.0000000e+00   5.4176983e+01   0.0000000e+00
  -1.6617824e+01   7.6443167e+00  -0.0000000e+00   5.4841694e+01   0.0000000e+00
  -1.6950180e+01   7.6443167e+00  -2.1000000e-02   5.5174050e+01   0.0000000e+00
  -1.5953112e+01   6.9796051e+00   6.4050000e+00   5.5838762e+01   0.0000000e+00
  -1.6285468e+01   6.9796051e+00   7.3500000e+00   5.6503473e+01   0.0000000e+00
  -1.5620757e+01   7.6443167e+00   8.4000000e+00   5.8829964e+01   0.0000000e+00
  -1.6950180e+01   9.9708074e+00   8.4210000e+00   6.1156455e+01   0.0000000e+00
  -1.9276671e+01   1.3294366e+01   8.4420000e+00   6.1821166e+01   0.0000000e+00
  -2.0938450e+01   1.7947347e+01   8.4420000e+00   6.2153522e+01   0.0000000e+00
  -2.1935517e+01   2.1935617e+01   8.4420000e+00   6.1821166e+01   0.0000000e+00
  -2.2600229e+01   2.6920954e+01   8.4420000e+00   6.0159387e+01   0.0000000e+00
  -2.2932585e+01   3.1906291e+01   8.4420000e+00   5.7168185e+01   0.0000000e+00
  -2.2600229e+01   3.6891629e+01   8.4420000e+00   5.3512271e+01   0.0000000e+00
  -2.2267873e+01   4.2209322e+01   8.4210000e+00   4.9191645e+01   0.0000000e+00
  -2.1935517e+01   4.7527015e+01   8.4000000e+00   4.4871020e+01   0.0000000e+00
  -2.1270805e+01   5.2179996e+01   8.3370000e+00   4.1879817e+01   0.0000000e+00
  -2.0273738e+01   5.4174131e+01   8.2740000e+00   3.9885683e+01   0.0000000e+00
  -1.9276671e+01   5.4506487e+01   8.2740000e+00   3.9885683e+01   0.0000000e+00
  -1.9609026e+01   5.4506487e+01   8.2740000e+00   3.8888615e+01   0.0000000e+00
  -1.9609026e+01   5.4506487e+01   8.2740000e+00   3.8888615e+01   0.0000000e+00
  -1.9609026e+01   5.4506487e+01   8.2740000e+00   3.8556259e+01   0.0000000e+00
  -1.9609026e+01   5.4506487e+01   8.2740000e+00   3.8888615e+01   0.0000000e+00
  -1.9609026e+01   5.4506487e+01   8.2740000e+00   3.8888615e+01   0.0000000e+00
  -1.9609026e+01   5.4506487e+01   8.2740000e+00   3.8556259e+01   0.0000000e+00
  -1.9276671e+01   5.4506487e+01   8.2740000e+00   3.8556259e+01   0.0000000e+00
  -1.9276671e+01   5.4506487e+01   8.2740000e+00   3.8556259e+01   0.0000000e+00
  -1.9609026e+01   5.4506487e+01   8.2740000e+00   3.8556259e+01   0.0000000e+00
  -1.9609026e+01   5.4506487e+01   8.2740000e+00   3.8223903e+01   0.0000000e+00
  -1.9609026e+01   5.4506487e+01   8.2740000e+00   3.8223903e+01   0.0000000e+00
  -1.9609026e+01   5.4506487e+01   8.2740000e+00   3.8223903e+01   0.0000000e+00
  -1.9609026e+01   5.4506487e+01   8.2740000e+00   3.8223903e+01   0.0000000e+00
  -1.9609026e+01   5.4506487e+01   8.2740000e+00   3.8223903e+01   0.0000000e+00
  -1.9609026e+01   5.4506487e+01   8.2740000e+00   3.8223903e+01   0.0000000e+00
  -1.9609026e+01   5.4506487e+01   8.2740000e+00   3.7891548e+01   0.0000000e+00
  -1.9609026e+01   5.4506487e+01   8.2530000e+00   3.8223903e+01   0.0000000e+00
  -1.9941382e+01   5.4506487e+01   8.2530000e+00   3.7891548e+01   0.0000000e+00
  -1.9276671e+01   5.4506487e+01   8.2530000e+00   3.7891548e+01   0.0000000e+00
  -1.9609026e+01   5.4506487e+01   8.2530000e+00   3.6894480e+01   0.0000000e+00
  -2.0273738e+01   5.4506487e+01   8.2530000e+00   3.6894480e+01   0.0000000e+00
  -2.0273738e+01   5.4506487e+01   8.2530000e+00   3.6894480e+01   0.0000000e+00
  -2.0273738e+01   5.4506487e+01   8.2530000e+00   3.6562124e+01   0.0000000e+00
  -2.0273738e+01   5.4506487e+01   8.2530000e+00   3.6229769e+01   0.0000000e+00
  -2.0273738e+01   5.4506487e+01   8.2530000e+00   3.6562124e+01   0.0000000e+00
  -2.0273738e+01   5.4506487e+01   8.2530000e+00   3.6562124e+01   0.0000000e+00
