  -1.5288401e+01   8.3090283e+00  -0.0000000e+00   5.3512271e+01   0.0000000e+00
  -1.5288401e+01   7.9766725e+00  -2.1000000e-02   5.3512271e+01   0.0000000e+00
  -1.5288401e+01   7.9766725e+00  -2.1000000e-02   5.3512271e+01   0.0000000e+00
  -1.5288401e+01   7.9766725e+00  -2.1000000e-02   5.3179915e+01   0.0000000e+00
  -1.5288401e+01   7.9766725e+00  -2.1000000e-02   5.3512271e+01   0.0000000e+00
  -1.5620757e+01   7.9766725e+00  -2.1000000e-02   5.3512271e+01   0.0000000e+00
  -1.5288401e+01   7.9766725e+00   4.1790000e+00   5.3844627e+01   0.0000000e+00
  -1.4623689e+01   8.6413842e+00   6.7830000e+00   5.4509338e+01   0.0000000e+00
  -1.4623689e+01   1.0967875e+01   6.7830000e+00   5.5838762e+01   0.0000000e+00
  -1.5620757e+01   1.2962010e+01   6.8040000e+00   5.7500541e+01   0.0000000e+00
  -1.7614891e+01   1.5288500e+01   6.8250000e+00   5.8497608e+01   0.0000000e+00
  -1.8944315e+01   1.7614991e+01   6.8460000e+00   5.9162320e+01   0.0000000e+00
  -1.9276671e+01   1.9609126e+01   6.8460000e+00   5.9494676e+01   0.0000000e+00
  -1.8611959e+01   2.1603261e+01   6.8460000e+00   5.9827031e+01   0.0000000e+00
  -1.8611959e+01   2.3265040e+01   6.8460000e+00   6.0159387e+01   0.0000000e+00
  -1.8944315e+01   2.4594463e+01   6.8460000e+00   6.0491743e+01   0.0000000e+00
  -1.9609026e+01   2.5591531e+01   6.8460000e+00   6.0824099e+01   0.0000000e+00
  -1.9941382e+01   2.6588598e+01   6.8460000e+00   6.0491743e+01   0.0000000e+00
  -2.0273738e+01   2.7918022e+01   6.8460000e+00   6.0159387e+01   0.0000000e+00
  -2.0273738e+01   2.8915089e+01   6.8460000e+00   5.9827031e+01   0.0000000e+00
  -2.0273738e+01   3.0909224e+01   6.8460000e+00   5.9162320e+01   0.0000000e+00
  -2.0606094e+01   3.2571003e+01   6.8460000e+00   5.8165252e+01   0.0000000e+00
  -2.0938450e+01   3.4232782e+01   6.8460000e+00   5.7500541e+01   0.0000000e+00
  -2.1603161e+01   3.6226917e+01   6.8460000e+00   5.5838762e+01   0.0000000e+00
  -2.2267873e+01   3.8221052e+01   6.8460000e+00   5.4509338e+01   0.0000000e+00
  -2.1935517e+01   4.0215187e+01   6.8460000e+00   5.2182848e+01   0.0000000e+00
  -2.2267873e+01   4.2874033e+01   6.8250000e+00   4.9524001e+01   0.0000000e+00
  -2.2267873e+01   4.4868168e+01   6.7830000e+00   4.8859290e+01   0.0000000e+00
  -2.2267873e+01   4.5865236e+01   6.7620000e+00   4.8526934e+01   0.0000000e+00
  -2.1935517e+01   4.6529947e+01   6.7410000e+00   4.8194578e+01   0.0000000e+00
  -2.1603161e+01   4.6529947e+01   6.7410000e+00   4.7529866e+01   0.0000000e+00
  -2.1270805e+01   4.6529947e+01   6.7410000e+00   4.7197510e+01   0.0000000e+00
  -2.0938450e+01   4.6862303e+01   6.7410000e+00   4.7197510e+01   0.0000000e+00
  -2.0938450e+01   4.6862303e+01   6.7410000e+00   4.6865155e+01   0.0000000e+00
  -2.0938450e+01   4.6862303e+01   6.7410000e+00   4.6865155e+01   0.0000000e+00
  -2.0606094e+01   4.6862303e+01   6.7410000e+00   4.6865155e+01   0.0000000e+00
  -2.0606094e+01   4.6862303e+01   6.7410000e+00   4.6532799e+01   0.0000000e+00
  -2.0606094e+01   4.6862303e+01   6.7410000e+00   4.6200443e+01   0.0000000e+00
  -2.0606094e+01   4.6862303e+01   6.7410000e+00   4.6200443e+01   0.0000000e+00
  -2.0273738e+01   4.6862303e+01   6.7410000e+00   4.6200443e+01   0.0000000e+00
  -2.0273738e+01   4.6862303e+01   6.7410000e+00   4.5868087e+01   0.0000000e+00
  -2.0606094e+01   4.6862303e+01   6.7410000e+00   4.5868087e+01   0.0000000e+00
  -2.0606094e+01   4.6862303e+01   6.7410000e+00   4.5868087e+01   0.0000000e+00
  -2.0606094e+01   4.6862303e+01   6.7410000e+00   4.5535731e+01   0.0000000e+00
  -2.0606094e+01   4.7194659e+01   6.7410000e+00   4.5535731e+01   0.0000000e+00
  -2.0273738e+01   4.7194659e+01   6.7410000e+00   4.5535731e+01   0.0000000e+00
  -2.0273738e+01   4.7194659e+01   6.7410000e+00   4.5203376e+01   0.0000000e+00
  -2.0273738e+01   4.7194659e+01   6.7410000e+00   4.5203376e+01   0.0000000e+00
  -2.0273738e+01   4.7194659e+01   6.7410000e+00   4.5203376e+01   0.0000000e+00
  -2.0273738e+01   4.7194659e+01   6.7410000e+00   4.5203376e+01   0.0000000e+00
