  -1.9276671e+01   1.6285568e+01  -0.0000000e+00   3.4900345e+01   0.0000000e+00
  -1.9276671e+01   1.6285568e+01  -0.0000000e+00   3.4900345e+01   0.0000000e+00
  -1.9276671e+01   1.6285568e+01  -0.0000000e+00   3.4900345e+01   0.0000000e+00
  -1.9609026e+01   1.6285568e+01  -0.0000000e+00   3.4900345e+01   0.0000000e+00
  -1.9609026e+01   1.6285568e+01  -0.0000000e+00   3.5232701e+01   0.0000000e+00
  -1.9609026e+01   1.6285568e+01  -0.0000000e+00   3.5232701e+01   0.0000000e+00
  -1.9609026e+01   1.6285568e+01  -0.0000000e+00   3.5897413e+01   0.0000000e+00
  -1.9609026e+01   1.5953212e+01  -0.0000000e+00   3.6562124e+01   0.0000000e+00
  -1.9941382e+01   1.5288500e+01  -0.0000000e+00   3.7559192e+01   0.0000000e+00
  -1.9609026e+01   1.4956145e+01   4.2000000e-02   4.0550394e+01   0.0000000e+00
  -1.9276671e+01   1.4956145e+01   9.4500000e-01   4.4871020e+01   0.0000000e+00
  -1.9276671e+01   1.4956145e+01   9.0510000e+00   5.0188713e+01   0.0000000e+00
  -1.8611959e+01   1.4956145e+01   1.0773000e+01   5.4176983e+01   0.0000000e+00
  -1.8944315e+01   1.6285568e+01   1.0941000e+01   5.7500541e+01   0.0000000e+00
  -1.9276671e+01   1.8279703e+01   1.0983000e+01   6.0491743e+01   0.0000000e+00
  -1.9276671e+01   2.0938549e+01   1.1004000e+01   6.2818234e+01   0.0000000e+00
  -1.8944315e+01   2.3265040e+01   1.1004000e+01   6.4147657e+01   0.0000000e+00
  -1.8279603e+01   2.6920954e+01   1.0962000e+01   6.4812369e+01   0.0000000e+00
  -1.7282536e+01   3.0244512e+01   1.0815000e+01   6.4480013e+01   0.0000000e+00
  -1.6950180e+01   3.4565138e+01   7.7280000e+00   6.2153522e+01   0.0000000e+00
  -1.5953112e+01   3.8553408e+01   4.4520000e+00   5.9827031e+01   0.0000000e+00
  -1.5620757e+01   4.2209322e+01   2.1420000e+00   5.7832897e+01   0.0000000e+00
  -1.4956045e+01   4.5200524e+01  -5.8800000e-01   5.6835829e+01   0.0000000e+00
  -1.3626622e+01   4.8191726e+01  -3.0870000e+00   5.6503473e+01   0.0000000e+00
  -1.2961910e+01   5.0185861e+01  -3.3600000e+00   5.5174050e+01   0.0000000e+00
  -1.2297198e+01   5.3177064e+01  -3.5490000e+00   5.2182848e+01   0.0000000e+00
  -1.1632487e+01   5.6168266e+01  -3.5910000e+00   4.8859290e+01   0.0000000e+00
  -1.1300131e+01   5.8827112e+01  -3.6540000e+00   4.5203376e+01   0.0000000e+00
  -9.9707077e+00   6.0488891e+01  -3.6540000e+00   4.2212173e+01   0.0000000e+00
  -8.9736403e+00   6.1153603e+01  -3.6750000e+00   4.0882750e+01   0.0000000e+00
  -7.3118612e+00   6.1153603e+01  -3.6750000e+00   4.0882750e+01   0.0000000e+00
  -7.3118612e+00   6.1153603e+01  -3.6750000e+00   4.0550394e+01   0.0000000e+00
  -7.6442170e+00   6.1153603e+01  -3.6750000e+00   4.0218038e+01   0.0000000e+00
  -7.3118612e+00   6.1153603e+01  -3.6750000e+00   4.0218038e+01   0.0000000e+00
  -6.9795054e+00   6.1153603e+01  -3.6750000e+00   3.9885683e+01   0.0000000e+00
  -6.9795054e+00   6.1153603e+01  -3.6750000e+00   3.9885683e+01   0.0000000e+00
  -6.9795054e+00   6.1485959e+01  -3.6750000e+00   3.9553327e+01   0.0000000e+00
  -6.6471496e+00   6.1485959e+01  -3.6750000e+00   3.9220971e+01   0.0000000e+00
  -6.6471496e+00   6.1485959e+01  -3.6750000e+00   3.9220971e+01   0.0000000e+00
  -6.3147937e+00   6.1818315e+01  -3.6750000e+00   3.9220971e+01   0.0000000e+00
  -6.3147937e+00   6.1818315e+01  -3.6750000e+00   3.9220971e+01   0.0000000e+00
  -5.9824379e+00   6.1818315e+01  -3.6750000e+00   3.9220971e+01   0.0000000e+00
  -5.6500821e+00   6.1818315e+01  -3.6750000e+00   3.8888615e+01   0.0000000e+00
  -5.9824379e+00   6.1818315e+01  -3.6750000e+00   3.9220971e+01   0.0000000e+00
  -5.6500821e+00   6.1818315e+01  -3.6750000e+00   3.9220971e+01   0.0000000e+00
  -5.6500821e+00   6.1818315e+01  -3.6750000e+00   3.8888615e+01   0.0000000e+00
  -5.9824379e+00   6.1818315e+01  -3.6750000e+00   3.9220971e+01   0.0000000e+00
  -5.6500821e+00   6.1818315e+01  -3.6750000e+00   3.9220971e+01   0.0000000e+00
  -5.3177263e+00   6.1818315e+01  -3.6750000e+00   3.9220971e+01   0.0000000e+00
  -5.3177263e+00   6.1818315e+01  -3.6750000e+00   3.9220971e+01   0.0000000e+00
