  -1.5288401e+01   1.3626721e+01  -0.0000000e+00   5.0853424e+01   0.0000000e+00
  -1.5288401e+01   1.3626721e+01  -0.0000000e+00   5.0853424e+01   0.0000000e+00
  -1.5288401e+01   1.3626721e+01  -0.0000000e+00   5.0853424e+01   0.0000000e+00
  -1.4956045e+01   1.3626721e+01  -0.0000000e+00   5.0853424e+01   0.0000000e+00
  -1.5288401e+01   1.3626721e+01  -0.0000000e+00   5.0853424e+01   0.0000000e+00
  -1.5288401e+01   1.3626721e+01  -0.0000000e+00   5.0853424e+01   0.0000000e+00
  -1.5288401e+01   1.3626721e+01  -0.0000000e+00   5.0853424e+01   0.0000000e+00
  -1.5288401e+01   1.3626721e+01  -0.0000000e+00   5.0521069e+01   0.0000000e+00
  -1.5288401e+01   1.3626721e+01  -0.0000000e+00   5.0853424e+01   0.0000000e+00
  -1.5620757e+01   1.3626721e+01  -0.0000000e+00   5.0853424e+01   0.0000000e+00
  -1.5953112e+01   1.3626721e+01  -0.0000000e+00   5.0853424e+01   0.0000000e+00
  -1.5620757e+01   1.3294366e+01  -0.0000000e+00   5.0853424e+01   0.0000000e+00
  -1.5620757e+01   1.3294366e+01   7.1400000e-01   5.1185780e+01   0.0000000e+00
  -1.5288401e+01   1.2962010e+01   4.9140000e+00   5.1518136e+01   0.0000000e+00
  -1.5620757e+01   1.2962010e+01   4.9350000e+00   5.1518136e+01   0.0000000e+00
  -1.5953112e+01   1.3294366e+01   4.9350000e+00   5.2847559e+01   0.0000000e+00
  -1.6617824e+01   1.4623789e+01   5.6700000e+00   5.4841694e+01   0.0000000e+00
  -1.7947247e+01   1.6950280e+01   6.3000000e+00   5.5174050e+01   0.0000000e+00
  -1.8944315e+01   1.9609126e+01   6.3000000e+00   5.6171117e+01   0.0000000e+00
  -1.8944315e+01   2.2932684e+01   6.3000000e+00   5.6503473e+01   0.0000000e+00
  -1.8944315e+01   2.6588598e+01   6.3210000e+00   5.6171117e+01   0.0000000e+00
  -1.9609026e+01   2.9579801e+01   6.3210000e+00   5.5174050e+01   0.0000000e+00
  -1.9276671e+01   3.3900426e+01   6.3210000e+00   5.2847559e+01   0.0000000e+00
  -1.9276671e+01   3.7556340e+01   6.3210000e+00   5.0853424e+01   0.0000000e+00
  -1.9276671e+01   3.9882831e+01   6.3000000e+00   4.9524001e+01   0.0000000e+00
  -1.9276671e+01   4.0879898e+01   6.3000000e+00   4.8859290e+01   0.0000000e+00
  -1.8944315e+01   4.1544610e+01   6.3000000e+00   4.7529866e+01   0.0000000e+00
  -1.9276671e+01   4.2874033e+01   6.3000000e+00   4.6532799e+01   0.0000000e+00
  -1.9276671e+01   4.4203457e+01   6.2790000e+00   4.5203376e+01   0.0000000e+00
  -1.9276671e+01   4.6197591e+01   6.2790000e+00   4.4206308e+01   0.0000000e+00
  -1.8944315e+01   4.8524082e+01   6.2580000e+00   4.2212173e+01   0.0000000e+00
  -1.9276671e+01   5.0850573e+01   6.2370000e+00   4.0550394e+01   0.0000000e+00
  -1.9609026e+01   5.2844708e+01   6.2160000e+00   3.9220971e+01   0.0000000e+00
  -1.9941382e+01   5.4506487e+01   6.1740000e+00   3.8223903e+01   0.0000000e+00
  -1.9941382e+01   5.5835910e+01   6.1530000e+00   3.7891548e+01   0.0000000e+00
  -1.9276671e+01   5.6832978e+01   6.1530000e+00   3.7226836e+01   0.0000000e+00
  -1.9276671e+01   5.6832978e+01   6.1530000e+00   3.6229769e+01   0.0000000e+00
  -1.8944315e+01   5.6832978e+01   6.1530000e+00   3.5232701e+01   0.0000000e+00
  -1.8611959e+01   5.6832978e+01   6.1530000e+00   3.4900345e+01   0.0000000e+00
  -1.8944315e+01   5.7165333e+01   6.1740000e+00   3.4567989e+01   0.0000000e+00
  -1.8944315e+01   5.7165333e+01   6.1740000e+00   3.4235634e+01   0.0000000e+00
  -1.8611959e+01   5.7165333e+01   6.1740000e+00   3.4235634e+01   0.0000000e+00
  -1.8611959e+01   5.7165333e+01   6.1740000e+00   3.4235634e+01   0.0000000e+00
  -1.8279603e+01   5.7165333e+01   6.1740000e+00   3.4235634e+01   0.0000000e+00
  -1.8611959e+01   5.7165333e+01   6.1740000e+00   3.4235634e+01   0.0000000e+00
  -1.8279603e+01   5.7165333e+01   6.1740000e+00   3.4567989e+01   0.0000000e+00
  -1.8279603e+01   5.7165333e+01   6.1740000e+00   3.4235634e+01   0.0000000e+00
  -1.8279603e+01   5.7165333e+01   6.1740000e+00   3.4235634e+01   0.0000000e+00
  -1.8279603e+01   5.7165333e+01   6.1740000e+00   3.4235634e+01   0.0000000e+00
  -1.8279603e+01   5.7165333e+01   6.1740000e+00   3.4235634e+01   0.0000000e+00
