  -1.6950180e+01   6.3148935e+00  -0.0000000e+00   5.9494676e+01   0.0000000e+00
  -1.6950180e+01   6.3148935e+00  -0.0000000e+00   5.9494676e+01   0.0000000e+00
  -1.6950180e+01   6.3148935e+00  -0.0000000e+00   5.9494676e+01   0.0000000e+00
  -1.6950180e+01   6.3148935e+00  -0.0000000e+00   5.9494676e+01   0.0000000e+00
  -1.6950180e+01   6.3148935e+00  -0.0000000e+00   5.9494676e+01   0.0000000e+00
  -1.6950180e+01   6.3148935e+00  -0.0000000e+00   5.9494676e+01   0.0000000e+00
  -1.6950180e+01   6.3148935e+00  -0.0000000e+00   5.9494676e+01   0.0000000e+00
  -1.6950180e+01   6.3148935e+00  -0.0000000e+00   5.9827031e+01   0.0000000e+00
  -1.6950180e+01   6.3148935e+00  -0.0000000e+00   5.9827031e+01   0.0000000e+00
  -1.6950180e+01   6.3148935e+00  -0.0000000e+00   5.9494676e+01   0.0000000e+00
  -1.6950180e+01   6.3148935e+00  -0.0000000e+00   5.9827031e+01   0.0000000e+00
  -1.6950180e+01   6.3148935e+00  -0.0000000e+00   5.9827031e+01   0.0000000e+00
  -1.6950180e+01   6.3148935e+00  -0.0000000e+00   5.9494676e+01   0.0000000e+00
  -1.6950180e+01   6.3148935e+00  -0.0000000e+00   5.9494676e+01   0.0000000e+00
  -1.7282536e+01   6.3148935e+00  -0.0000000e+00   5.9494676e+01   0.0000000e+00
  -1.7614891e+01   6.3148935e+00  -0.0000000e+00   5.9494676e+01   0.0000000e+00
  -1.7947247e+01   6.3148935e+00  -2.1000000e-02   5.9494676e+01   0.0000000e+00
  -1.8279603e+01   6.3148935e+00  -2.1000000e-02   6.0159387e+01   0.0000000e+00
  -1.7947247e+01   6.3148935e+00   4.2000000e-02   6.1156455e+01   0.0000000e+00
  -1.7282536e+01   6.6472493e+00   6.3000000e-02   6.3150590e+01   0.0000000e+00
  -1.6950180e+01   6.9796051e+00   6.3000000e-02   6.5144725e+01   0.0000000e+00
  -1.7282536e+01   8.3090283e+00   6.3000000e-02   6.7138859e+01   0.0000000e+00
  -1.6617824e+01   1.0303163e+01   4.2000000e-02   6.7803571e+01   0.0000000e+00
  -1.5288401e+01   1.2962010e+01   2.1000000e-02   6.7803571e+01   0.0000000e+00
  -1.3958978e+01   1.5953212e+01   2.1000000e-02   6.8800639e+01   0.0000000e+00
  -1.2629554e+01   1.8612059e+01  -0.0000000e+00   6.9797706e+01   0.0000000e+00
  -1.1964843e+01   2.0938549e+01  -6.3000000e-02   7.0462418e+01   0.0000000e+00
  -1.0967775e+01   2.2932684e+01  -1.4700000e-01   7.0462418e+01   0.0000000e+00
  -9.9707077e+00   2.3597396e+01  -8.1900000e-01   7.0794773e+01   0.0000000e+00
  -9.6383519e+00   2.4926819e+01  -1.0290000e+00   7.1127129e+01   0.0000000e+00
  -8.9736403e+00   2.5591531e+01  -1.0290000e+00   7.1791841e+01   0.0000000e+00
  -8.3089286e+00   2.6256242e+01  -1.4490000e+00   7.2456552e+01   0.0000000e+00
  -7.6442170e+00   2.7253310e+01  -1.7220000e+00   7.3121264e+01   0.0000000e+00
  -6.9795054e+00   2.8915089e+01  -1.9740000e+00   7.3121264e+01   0.0000000e+00
  -6.3147937e+00   3.0909224e+01  -3.5070000e+00   7.3121264e+01   0.0000000e+00
  -5.3177263e+00   3.2903359e+01  -5.5440000e+00   7.2788908e+01   0.0000000e+00
  -4.6530147e+00   3.4565138e+01  -7.7910000e+00   7.2788908e+01   0.0000000e+00
  -4.3206588e+00   3.6891629e+01  -9.2400000e+00   7.2124197e+01   0.0000000e+00
  -3.6559472e+00   3.9882831e+01  -1.1382000e+01   7.1459485e+01   0.0000000e+00
  -2.9912356e+00   4.2874033e+01  -1.3986000e+01   7.0130062e+01   0.0000000e+00
  -1.9941681e+00   4.5200524e+01  -1.6464000e+01   6.8468283e+01   0.0000000e+00
  -9.9710068e-01   4.7194659e+01  -1.7493000e+01   6.7471215e+01   0.0000000e+00
  -6.6474487e-01   4.8524082e+01  -1.8018000e+01   6.6474148e+01   0.0000000e+00
  -6.6474487e-01   4.8524082e+01  -1.8186000e+01   6.6806504e+01   0.0000000e+00
  -3.3238905e-01   4.8524082e+01  -1.8249000e+01   6.6474148e+01   0.0000000e+00
  -3.3235582e-05   4.8524082e+01  -1.8249000e+01   6.6474148e+01   0.0000000e+00
  -3.3235582e-05   4.8524082e+01  -1.8249000e+01   6.6474148e+01   0.0000000e+00
  -3.3235582e-05   4.8524082e+01  -1.8249000e+01   6.6474148e+01   0.0000000e+00
  -3.3238905e-01   4.8524082e+01  -1.8249000e+01   6.6474148e+01   0.0000000e+00
  -6.6474487e-01   4.8524082e+01  -1.8249000e+01   6.6141792e+01   0.0000000e+00
