  -1.8611959e+01   5.9825376e+00  -0.0000000e+00   4.9856357e+01   0.0000000e+00
  -1.8611959e+01   5.9825376e+00  -0.0000000e+00   4.9856357e+01   0.0000000e+00
  -1.8611959e+01   5.9825376e+00  -0.0000000e+00   4.9856357e+01   0.0000000e+00
  -1.8611959e+01   5.9825376e+00  -0.0000000e+00   4.9856357e+01   0.0000000e+00
  -1.8611959e+01   5.9825376e+00  -0.0000000e+00   4.9524001e+01   0.0000000e+00
  -1.8611959e+01   5.9825376e+00  -0.0000000e+00   4.9524001e+01   0.0000000e+00
  -1.8611959e+01   5.9825376e+00  -0.0000000e+00   4.9524001e+01   0.0000000e+00
  -1.8611959e+01   5.9825376e+00  -0.0000000e+00   4.9524001e+01   0.0000000e+00
  -1.8279603e+01   5.9825376e+00  -0.0000000e+00   4.9856357e+01   0.0000000e+00
  -1.8944315e+01   5.9825376e+00  -0.0000000e+00   4.9856357e+01   0.0000000e+00
  -1.8944315e+01   6.3148935e+00  -0.0000000e+00   4.9856357e+01   0.0000000e+00
  -1.9276671e+01   5.9825376e+00  -0.0000000e+00   4.9856357e+01   0.0000000e+00
  -1.8944315e+01   6.3148935e+00  -0.0000000e+00   5.0188713e+01   0.0000000e+00
  -1.8944315e+01   5.9825376e+00  -0.0000000e+00   5.1185780e+01   0.0000000e+00
  -1.8611959e+01   6.9796051e+00  -0.0000000e+00   5.2182848e+01   0.0000000e+00
  -1.7947247e+01   7.9766725e+00  -0.0000000e+00   5.4176983e+01   0.0000000e+00
  -1.6950180e+01   9.3060958e+00  -0.0000000e+00   5.5838762e+01   0.0000000e+00
  -1.6950180e+01   1.0635519e+01  -2.1000000e-02   5.7832897e+01   0.0000000e+00
  -1.6950180e+01   1.1964942e+01  -4.2000000e-02   5.8829964e+01   0.0000000e+00
  -1.7282536e+01   1.2629654e+01  -6.3000000e-02   6.0159387e+01   0.0000000e+00
  -1.7282536e+01   1.3626721e+01  -8.4000000e-02   6.1821166e+01   0.0000000e+00
  -1.6950180e+01   1.4291433e+01  -8.4000000e-02   6.2818234e+01   0.0000000e+00
  -1.6617824e+01   1.5620856e+01  -1.0500000e-01   6.4147657e+01   0.0000000e+00
  -1.6617824e+01   1.6617924e+01  -1.2600000e-01   6.5144725e+01   0.0000000e+00
  -1.6617824e+01   1.7947347e+01  -1.4700000e-01   6.5477080e+01   0.0000000e+00
  -1.6617824e+01   1.9276770e+01  -1.4700000e-01   6.6141792e+01   0.0000000e+00
  -1.6285468e+01   2.0606194e+01  -1.6800000e-01   6.6141792e+01   0.0000000e+00
  -1.5953112e+01   2.1603261e+01  -1.6800000e-01   6.6141792e+01   0.0000000e+00
  -1.5620757e+01   2.2600328e+01  -1.6800000e-01   6.6141792e+01   0.0000000e+00
  -1.4956045e+01   2.3929752e+01  -1.8900000e-01   6.6141792e+01   0.0000000e+00
  -1.4291333e+01   2.5591531e+01  -1.8900000e-01   6.5809436e+01   0.0000000e+00
  -1.3294266e+01   2.7585666e+01  -1.8900000e-01   6.5477080e+01   0.0000000e+00
  -1.2629554e+01   2.9247445e+01  -1.8900000e-01   6.5144725e+01   0.0000000e+00
  -1.1632487e+01   3.1241580e+01  -1.8900000e-01   6.4147657e+01   0.0000000e+00
  -1.0635419e+01   3.3235715e+01  -1.8900000e-01   6.3815301e+01   0.0000000e+00
  -9.6383519e+00   3.6226917e+01  -1.3230000e+00   6.2485878e+01   0.0000000e+00
  -8.9736403e+00   3.9882831e+01  -4.8300000e+00   6.0824099e+01   0.0000000e+00
  -7.6442170e+00   4.3871101e+01  -8.3370000e+00   5.9162320e+01   0.0000000e+00
  -6.6471496e+00   4.7194659e+01  -1.1781000e+01   5.7832897e+01   0.0000000e+00
  -5.6500821e+00   4.9521150e+01  -1.3251000e+01   5.6171117e+01   0.0000000e+00
  -3.9883030e+00   5.1182929e+01  -1.3692000e+01   5.5838762e+01   0.0000000e+00
  -2.9912356e+00   5.1182929e+01  -1.3776000e+01   5.3512271e+01   0.0000000e+00
  -2.3265239e+00   5.1182929e+01  -1.3776000e+01   5.2182848e+01   0.0000000e+00
  -2.3265239e+00   5.1182929e+01  -1.3734000e+01   5.1518136e+01   0.0000000e+00
  -1.9941681e+00   5.1182929e+01  -1.3734000e+01   5.1850492e+01   0.0000000e+00
  -1.9941681e+00   5.1182929e+01  -1.3755000e+01   5.1850492e+01   0.0000000e+00
  -1.6618123e+00   5.1182929e+01  -1.3755000e+01   5.1850492e+01   0.0000000e+00
  -1.3294565e+00   5.1182929e+01  -1.3755000e+01   5.1850492e+01   0.0000000e+00
  -1.9941681e+00   5.1182929e+01  -1.3755000e+01   5.2182848e+01   0.0000000e+00
  -1.6618123e+00   5.1182929e+01  -1.3755000e+01   5.2515204e+01   0.0000000e+00
