  -2.0273738e+01   1.0303163e+01  -0.0000000e+00   3.4567989e+01   0.0000000e+00
  -2.0273738e+01   9.9708074e+00  -0.0000000e+00   3.4235634e+01   0.0000000e+00
  -2.0606094e+01   1.0303163e+01  -0.0000000e+00   3.4235634e+01   0.0000000e+00
  -2.0606094e+01   1.0303163e+01  -0.0000000e+00   3.4235634e+01   0.0000000e+00
  -2.0606094e+01   9.9708074e+00  -0.0000000e+00   3.4235634e+01   0.0000000e+00
  -2.0606094e+01   9.9708074e+00  -0.0000000e+00   3.4567989e+01   0.0000000e+00
  -2.0938450e+01   9.9708074e+00  -0.0000000e+00   3.4567989e+01   0.0000000e+00
  -2.0938450e+01   9.9708074e+00  -2.1000000e-02   3.4900345e+01   0.0000000e+00
  -2.0938450e+01   9.9708074e+00  -2.1000000e-02   3.4900345e+01   0.0000000e+00
  -2.1270805e+01   9.9708074e+00  -2.1000000e-02   3.5232701e+01   0.0000000e+00
  -2.1270805e+01   9.9708074e+00  -2.1000000e-02   3.5565057e+01   0.0000000e+00
  -2.1270805e+01   9.6384516e+00  -2.1000000e-02   3.6229769e+01   0.0000000e+00
  -2.1270805e+01   9.3060958e+00   2.7300000e-01   3.8556259e+01   0.0000000e+00
  -2.1935517e+01   9.3060958e+00   2.2890000e+00   4.1547462e+01   0.0000000e+00
  -2.2600229e+01   9.3060958e+00   3.8640000e+00   4.5535731e+01   0.0000000e+00
  -2.3264940e+01   1.0303163e+01   5.8170000e+00   4.9856357e+01   0.0000000e+00
  -2.3597296e+01   1.1632587e+01   6.3630000e+00   5.2182848e+01   0.0000000e+00
  -2.3929652e+01   1.3959077e+01   6.3840000e+00   5.2847559e+01   0.0000000e+00
  -2.4262008e+01   1.6617924e+01   6.3840000e+00   5.3512271e+01   0.0000000e+00
  -2.4594364e+01   1.8944414e+01   6.3840000e+00   5.4176983e+01   0.0000000e+00
  -2.5259075e+01   2.1935617e+01   6.3840000e+00   5.4176983e+01   0.0000000e+00
  -2.5591431e+01   2.5259175e+01   6.4050000e+00   5.3844627e+01   0.0000000e+00
  -2.5923787e+01   2.7918022e+01   6.4050000e+00   5.2182848e+01   0.0000000e+00
  -2.5923787e+01   3.0576868e+01   6.4260000e+00   5.1185780e+01   0.0000000e+00
  -2.5259075e+01   3.4232782e+01   6.4680000e+00   4.9191645e+01   0.0000000e+00
  -2.4262008e+01   3.8221052e+01   6.5100000e+00   4.6865155e+01   0.0000000e+00
  -2.3264940e+01   4.0879898e+01   6.5100000e+00   4.5203376e+01   0.0000000e+00
  -2.2267873e+01   4.4535812e+01   6.5310000e+00   4.2876885e+01   0.0000000e+00
  -2.1270805e+01   4.7527015e+01   6.5310000e+00   4.1215106e+01   0.0000000e+00
  -2.0273738e+01   5.0185861e+01   6.5100000e+00   3.9220971e+01   0.0000000e+00
  -1.9609026e+01   5.1515284e+01   6.4890000e+00   3.8556259e+01   0.0000000e+00
  -1.8944315e+01   5.1515284e+01   6.4890000e+00   3.7559192e+01   0.0000000e+00
  -1.8279603e+01   5.1847640e+01   6.5100000e+00   3.7226836e+01   0.0000000e+00
  -1.7614891e+01   5.2179996e+01   6.5100000e+00   3.6894480e+01   0.0000000e+00
  -1.7614891e+01   5.2179996e+01   6.5100000e+00   3.6894480e+01   0.0000000e+00
  -1.7282536e+01   5.2179996e+01   6.5100000e+00   3.6894480e+01   0.0000000e+00
  -1.7282536e+01   5.2179996e+01   6.5100000e+00   3.6894480e+01   0.0000000e+00
  -1.6950180e+01   5.2179996e+01   6.5100000e+00   3.6562124e+01   0.0000000e+00
  -1.6617824e+01   5.2512352e+01   6.5310000e+00   3.5897413e+01   0.0000000e+00
  -1.6617824e+01   5.2512352e+01   6.5310000e+00   3.5897413e+01   0.0000000e+00
  -1.6617824e+01   5.2512352e+01   6.5310000e+00   3.5897413e+01   0.0000000e+00
  -1.6285468e+01   5.2512352e+01   6.5310000e+00   3.5565057e+01   0.0000000e+00
  -1.6285468e+01   5.2512352e+01   6.5310000e+00   3.5565057e+01   0.0000000e+00
  -1.6285468e+01   5.2512352e+01   6.5310000e+00   3.5565057e+01   0.0000000e+00
  -1.6285468e+01   5.2512352e+01   6.5310000e+00   3.5565057e+01   0.0000000e+00
  -1.5953112e+01   5.2512352e+01   6.5310000e+00   3.5232701e+01   0.0000000e+00
  -1.6285468e+01   5.2512352e+01   6.5310000e+00   3.5232701e+01   0.0000000e+00
  -1.5953112e+01   5.2512352e+01   6.5310000e+00   3.5232701e+01   0.0000000e+00
  -1.5953112e+01   5.2512352e+01   6.5310000e+00   3.5232701e+01   0.0000000e+00
  -1.5953112e+01   5.2512352e+01   6.5310000e+00   3.5232701e+01   0.0000000e+00
