  -1.7614891e+01   6.6472493e+00  -0.0000000e+00   4.9191645e+01   0.0000000e+00
  -1.7947247e+01   6.6472493e+00  -0.0000000e+00   4.9191645e+01   0.0000000e+00
  -1.7614891e+01   6.6472493e+00  -0.0000000e+00   4.9191645e+01   0.0000000e+00
  -1.7614891e+01   6.6472493e+00  -0.0000000e+00   4.9191645e+01   0.0000000e+00
  -1.7614891e+01   6.6472493e+00  -0.0000000e+00   4.9191645e+01   0.0000000e+00
  -1.7614891e+01   6.6472493e+00  -0.0000000e+00   4.9191645e+01   0.0000000e+00
  -1.7614891e+01   6.6472493e+00  -0.0000000e+00   4.9191645e+01   0.0000000e+00
  -1.7947247e+01   6.6472493e+00  -0.0000000e+00   4.8859290e+01   0.0000000e+00
  -1.7947247e+01   6.6472493e+00  -0.0000000e+00   4.8859290e+01   0.0000000e+00
  -1.8279603e+01   6.6472493e+00  -0.0000000e+00   4.8859290e+01   0.0000000e+00
  -1.8279603e+01   6.6472493e+00  -0.0000000e+00   4.8859290e+01   0.0000000e+00
  -1.8611959e+01   6.6472493e+00  -0.0000000e+00   4.8859290e+01   0.0000000e+00
  -1.8611959e+01   6.6472493e+00  -0.0000000e+00   4.8526934e+01   0.0000000e+00
  -1.8944315e+01   7.6443167e+00  -0.0000000e+00   4.7862222e+01   0.0000000e+00
  -1.8611959e+01   9.3060958e+00  -0.0000000e+00   4.7529866e+01   0.0000000e+00
  -1.8611959e+01   9.6384516e+00  -0.0000000e+00   4.8526934e+01   0.0000000e+00
  -1.8944315e+01   1.0635519e+01  -0.0000000e+00   4.9191645e+01   0.0000000e+00
  -1.9941382e+01   1.2629654e+01  -0.0000000e+00   4.9191645e+01   0.0000000e+00
  -2.0606094e+01   1.4623789e+01  -0.0000000e+00   4.9191645e+01   0.0000000e+00
  -2.0938450e+01   1.6285568e+01  -0.0000000e+00   4.9191645e+01   0.0000000e+00
  -2.1270805e+01   1.7614991e+01  -0.0000000e+00   4.9524001e+01   0.0000000e+00
  -2.2267873e+01   1.8279703e+01   2.1000000e-02   5.0521069e+01   0.0000000e+00
  -2.2267873e+01   1.9941482e+01   4.2000000e-02   5.1185780e+01   0.0000000e+00
  -2.2932585e+01   2.1935617e+01   4.2000000e-02   5.1185780e+01   0.0000000e+00
  -2.3597296e+01   2.3929752e+01   4.2000000e-02   5.1185780e+01   0.0000000e+00
  -2.4262008e+01   2.5923887e+01   4.2000000e-02   5.0853424e+01   0.0000000e+00
  -2.5259075e+01   2.8250377e+01   4.2000000e-02   4.9856357e+01   0.0000000e+00
  -2.6256143e+01   3.0576868e+01   4.2000000e-02   4.8526934e+01   0.0000000e+00
  -2.6920854e+01   3.3235715e+01   6.3000000e-02   4.6865155e+01   0.0000000e+00
  -2.7253210e+01   3.5229849e+01   6.3000000e-02   4.5203376e+01   0.0000000e+00
  -2.7917922e+01   3.7888696e+01   6.3000000e-02   4.3541596e+01   0.0000000e+00
  -2.8250278e+01   4.0547543e+01   6.3000000e-02   4.1547462e+01   0.0000000e+00
  -2.8250278e+01   4.2541677e+01   6.3000000e-02   4.0218038e+01   0.0000000e+00
  -2.7917922e+01   4.3538745e+01   8.4000000e-02   3.9553327e+01   0.0000000e+00
  -2.7253210e+01   4.3538745e+01   8.4000000e-02   3.9553327e+01   0.0000000e+00
  -2.7253210e+01   4.3538745e+01   8.4000000e-02   3.9553327e+01   0.0000000e+00
  -2.6920854e+01   4.3871101e+01   8.4000000e-02   3.9553327e+01   0.0000000e+00
  -2.6920854e+01   4.3538745e+01   8.4000000e-02   3.9553327e+01   0.0000000e+00
  -2.6920854e+01   4.3538745e+01   8.4000000e-02   3.9553327e+01   0.0000000e+00
  -2.6920854e+01   4.3538745e+01   8.4000000e-02   3.9553327e+01   0.0000000e+00
  -2.6588499e+01   4.3538745e+01   8.4000000e-02   3.9553327e+01   0.0000000e+00
  -2.6588499e+01   4.3538745e+01   8.4000000e-02   3.9553327e+01   0.0000000e+00
  -2.6588499e+01   4.3538745e+01   8.4000000e-02   3.9553327e+01   0.0000000e+00
  -2.6920854e+01   4.3871101e+01   8.4000000e-02   3.9553327e+01   0.0000000e+00
  -2.7253210e+01   4.3538745e+01   8.4000000e-02   3.9553327e+01   0.0000000e+00
  -2.7253210e+01   4.3538745e+01   8.4000000e-02   3.9553327e+01   0.0000000e+00
  -2.7253210e+01   4.3871101e+01   8.4000000e-02   3.9553327e+01   0.0000000e+00
  -2.7253210e+01   4.3871101e+01   8.4000000e-02   3.9553327e+01   0.0000000e+00
  -2.7253210e+01   4.3871101e+01   8.4000000e-02   3.9553327e+01   0.0000000e+00
  -2.7253210e+01   4.3871101e+01   8.4000000e-02   3.9553327e+01   0.0000000e+00
