  -1.6617824e+01   1.3294233e-04  -0.0000000e+00   6.7471215e+01   0.0000000e+00
  -1.6617824e+01   1.3294233e-04  -0.0000000e+00   6.7803571e+01   0.0000000e+00
  -1.6617824e+01   1.3294233e-04  -0.0000000e+00   6.7803571e+01   0.0000000e+00
  -1.6617824e+01   1.3294233e-04  -0.0000000e+00   6.7803571e+01   0.0000000e+00
  -1.6617824e+01   1.3294233e-04  -0.0000000e+00   6.7803571e+01   0.0000000e+00
  -1.6617824e+01   1.3294233e-04  -0.0000000e+00   6.7803571e+01   0.0000000e+00
  -1.6950180e+01   1.3294233e-04  -0.0000000e+00   6.7471215e+01   0.0000000e+00
  -1.6950180e+01   1.3294233e-04  -0.0000000e+00   6.7471215e+01   0.0000000e+00
  -1.7282536e+01   1.3294233e-04  -0.0000000e+00   6.6806504e+01   0.0000000e+00
  -1.7614891e+01   1.3294233e-04  -0.0000000e+00   6.6806504e+01   0.0000000e+00
  -1.7614891e+01   1.3294233e-04  -0.0000000e+00   6.6806504e+01   0.0000000e+00
  -1.7947247e+01   1.3294233e-04  -0.0000000e+00   6.5809436e+01   0.0000000e+00
  -1.8279603e+01   3.3248876e-01   2.1000000e-02   6.4480013e+01   0.0000000e+00
  -1.8279603e+01   3.3248876e-01   8.4000000e-02   6.4480013e+01   0.0000000e+00
  -1.8279603e+01   3.3248876e-01   8.4000000e-02   6.6474148e+01   0.0000000e+00
  -1.9276671e+01   3.3248876e-01   6.3000000e-02   6.8800639e+01   0.0000000e+00
  -2.0273738e+01   6.6484457e-01  -2.1000000e-02   7.0794773e+01   0.0000000e+00
  -2.0273738e+01   1.9942678e+00  -1.0500000e-01   7.1459485e+01   0.0000000e+00
  -1.9609026e+01   4.6531144e+00  -1.4700000e-01   7.1459485e+01   0.0000000e+00
  -1.8279603e+01   7.9766725e+00  -1.4700000e-01   7.1127129e+01   0.0000000e+00
  -1.6285468e+01   1.1300231e+01  -1.4700000e-01   7.1459485e+01   0.0000000e+00
  -1.4956045e+01   1.4291433e+01  -1.4700000e-01   7.1791841e+01   0.0000000e+00
  -1.3958978e+01   1.6617924e+01  -1.8900000e-01   7.2124197e+01   0.0000000e+00
  -1.2629554e+01   1.9276770e+01  -2.9400000e-01   7.2124197e+01   0.0000000e+00
  -1.1632487e+01   2.1935617e+01  -9.4500000e-01   7.2124197e+01   0.0000000e+00
  -1.0303064e+01   2.4926819e+01  -2.7930000e+00   7.2456552e+01   0.0000000e+00
  -8.9736403e+00   2.7585666e+01  -5.0610000e+00   7.2788908e+01   0.0000000e+00
  -7.6442170e+00   3.0576868e+01  -7.2870000e+00   7.2124197e+01   0.0000000e+00
  -7.3118612e+00   3.2903359e+01  -9.5340000e+00   7.1127129e+01   0.0000000e+00
  -6.9795054e+00   3.5894561e+01  -1.2999000e+01   7.0462418e+01   0.0000000e+00
  -5.6500821e+00   3.8553408e+01  -1.5330000e+01   6.9797706e+01   0.0000000e+00
  -4.3206588e+00   4.1544610e+01  -1.8375000e+01   6.9132994e+01   0.0000000e+00
  -2.9912356e+00   4.4203457e+01  -2.0517000e+01   6.7803571e+01   0.0000000e+00
  -1.9941681e+00   4.6197591e+01  -2.2239000e+01   6.6806504e+01   0.0000000e+00
  -1.3294565e+00   4.7859370e+01  -2.3730000e+01   6.5144725e+01   0.0000000e+00
  -6.6474487e-01   4.8524082e+01  -2.4885000e+01   6.4147657e+01   0.0000000e+00
  -3.3235582e-05   4.8524082e+01  -2.5704000e+01   6.4480013e+01   0.0000000e+00
   3.3232258e-01   4.8524082e+01  -2.5725000e+01   6.3815301e+01   0.0000000e+00
   6.6467840e-01   4.8524082e+01  -2.5704000e+01   6.3482945e+01   0.0000000e+00
   6.6467840e-01   4.8524082e+01  -2.5725000e+01   6.3482945e+01   0.0000000e+00
   9.9703421e-01   4.8524082e+01  -2.5725000e+01   6.3815301e+01   0.0000000e+00
   6.6467840e-01   4.8524082e+01  -2.5746000e+01   6.3482945e+01   0.0000000e+00
   9.9703421e-01   4.8524082e+01  -2.5725000e+01   6.3150590e+01   0.0000000e+00
   1.3293900e+00   4.8524082e+01  -2.5746000e+01   6.3150590e+01   0.0000000e+00
   1.3293900e+00   4.8191726e+01  -2.5746000e+01   6.3150590e+01   0.0000000e+00
   1.3293900e+00   4.8191726e+01  -2.5746000e+01   6.3482945e+01   0.0000000e+00
   9.9703421e-01   4.8191726e+01  -2.5746000e+01   6.3150590e+01   0.0000000e+00
   9.9703421e-01   4.8191726e+01  -2.5746000e+01   6.3150590e+01   0.0000000e+00
   9.9703421e-01   4.8191726e+01  -2.5746000e+01   6.3482945e+01   0.0000000e+00
   9.9703421e-01   4.8191726e+01  -2.5767000e+01   6.3150590e+01   0.0000000e+00
