  -1.6617824e+01   1.0635519e+01  -0.0000000e+00   5.0521069e+01   0.0000000e+00
  -1.6617824e+01   1.0635519e+01  -0.0000000e+00   5.0521069e+01   0.0000000e+00
  -1.6617824e+01   1.0635519e+01  -0.0000000e+00   5.0521069e+01   0.0000000e+00
  -1.6617824e+01   1.0635519e+01  -0.0000000e+00   5.0521069e+01   0.0000000e+00
  -1.6617824e+01   1.0635519e+01  -0.0000000e+00   5.0521069e+01   0.0000000e+00
  -1.6617824e+01   1.0635519e+01  -0.0000000e+00   5.0521069e+01   0.0000000e+00
  -1.6617824e+01   1.0635519e+01  -0.0000000e+00   5.0521069e+01   0.0000000e+00
  -1.6285468e+01   1.0635519e+01  -0.0000000e+00   5.0521069e+01   0.0000000e+00
  -1.6617824e+01   1.0635519e+01  -0.0000000e+00   5.0521069e+01   0.0000000e+00
  -1.6617824e+01   1.0635519e+01  -0.0000000e+00   5.0521069e+01   0.0000000e+00
  -1.6617824e+01   1.0635519e+01  -0.0000000e+00   5.0521069e+01   0.0000000e+00
  -1.6950180e+01   1.0967875e+01  -0.0000000e+00   5.0521069e+01   0.0000000e+00
  -1.6950180e+01   1.0635519e+01  -0.0000000e+00   5.0188713e+01   0.0000000e+00
  -1.7282536e+01   1.0303163e+01   1.6800000e-01   5.0188713e+01   0.0000000e+00
  -1.7282536e+01   1.0303163e+01   2.3100000e-01   5.1518136e+01   0.0000000e+00
  -1.6950180e+01   1.0635519e+01   2.1000000e-01   5.3844627e+01   0.0000000e+00
  -1.6285468e+01   1.1632587e+01   2.1000000e-01   5.6171117e+01   0.0000000e+00
  -1.6617824e+01   1.1964942e+01   2.1000000e-01   5.9162320e+01   0.0000000e+00
  -1.7282536e+01   1.2962010e+01   2.1000000e-01   6.1821166e+01   0.0000000e+00
  -1.7614891e+01   1.3959077e+01   2.1000000e-01   6.4480013e+01   0.0000000e+00
  -1.7947247e+01   1.4956145e+01   1.8900000e-01   6.7803571e+01   0.0000000e+00
  -1.7947247e+01   1.6950280e+01   1.6800000e-01   6.9465350e+01   0.0000000e+00
  -1.8279603e+01   1.9609126e+01   1.6800000e-01   6.9465350e+01   0.0000000e+00
  -1.7947247e+01   2.2267973e+01   1.8900000e-01   6.9465350e+01   0.0000000e+00
  -1.8611959e+01   2.4926819e+01   1.8900000e-01   6.9132994e+01   0.0000000e+00
  -1.7947247e+01   2.7585666e+01   2.1000000e-01   6.8135927e+01   0.0000000e+00
  -1.7614891e+01   2.9579801e+01   2.3100000e-01   6.6806504e+01   0.0000000e+00
  -1.7614891e+01   3.1241580e+01   2.3100000e-01   6.5144725e+01   0.0000000e+00
  -1.7614891e+01   3.3235715e+01   2.3100000e-01   6.3482945e+01   0.0000000e+00
  -1.7614891e+01   3.4897494e+01   2.3100000e-01   6.2485878e+01   0.0000000e+00
  -1.6950180e+01   3.6559273e+01   2.5200000e-01   6.1488811e+01   0.0000000e+00
  -1.6617824e+01   3.8553408e+01   2.5200000e-01   5.9827031e+01   0.0000000e+00
  -1.6285468e+01   4.0879898e+01   2.5200000e-01   5.7500541e+01   0.0000000e+00
  -1.5953112e+01   4.3206389e+01   2.5200000e-01   5.4509338e+01   0.0000000e+00
  -1.5620757e+01   4.5865236e+01   2.1000000e-01   5.2515204e+01   0.0000000e+00
  -1.4623689e+01   4.8191726e+01   4.2000000e-02   5.0188713e+01   0.0000000e+00
  -1.3294266e+01   5.0185861e+01  -4.2000000e-02   4.7529866e+01   0.0000000e+00
  -1.1632487e+01   5.0850573e+01  -1.0500000e-01   4.6532799e+01   0.0000000e+00
  -1.1300131e+01   5.0850573e+01  -1.0500000e-01   4.6200443e+01   0.0000000e+00
  -1.0967775e+01   5.0850573e+01  -1.0500000e-01   4.6200443e+01   0.0000000e+00
  -1.0967775e+01   5.0850573e+01  -1.0500000e-01   4.5868087e+01   0.0000000e+00
  -1.0635419e+01   5.1182929e+01  -1.0500000e-01   4.5535731e+01   0.0000000e+00
  -1.0635419e+01   5.0850573e+01  -8.4000000e-02   4.5535731e+01   0.0000000e+00
  -1.0635419e+01   5.0850573e+01  -8.4000000e-02   4.5535731e+01   0.0000000e+00
  -1.0635419e+01   5.0850573e+01  -8.4000000e-02   4.5535731e+01   0.0000000e+00
  -1.0635419e+01   5.0850573e+01  -8.4000000e-02   4.5535731e+01   0.0000000e+00
  -1.0635419e+01   5.0850573e+01  -8.4000000e-02   4.5535731e+01   0.0000000e+00
  -1.0303064e+01   5.0850573e+01  -8.4000000e-02   4.5203376e+01   0.0000000e+00
  -1.0303064e+01   5.0850573e+01  -6.3000000e-02   4.5203376e+01   0.0000000e+00
  -1.0303064e+01   5.0850573e+01  -6.3000000e-02   4.5203376e+01   0.0000000e+00
