  -3.5236364e+01   7.0266002e+00   3.9312000e+01   5.0528055e+01   0.0000000e+00
  -3.4571652e+01   7.0266002e+00   3.9312000e+01   5.0528055e+01   0.0000000e+00
  -3.4904008e+01   6.6942444e+00   3.9312000e+01   5.0528055e+01   0.0000000e+00
  -3.4904008e+01   6.6942444e+00   3.9312000e+01   5.0528055e+01   0.0000000e+00
  -3.4571652e+01   6.3618886e+00   3.9312000e+01   5.0195699e+01   0.0000000e+00
  -3.4239296e+01   6.3618886e+00   3.9333000e+01   4.9863343e+01   0.0000000e+00
  -3.4571652e+01   9.0207351e+00   3.9186000e+01   4.8201564e+01   0.0000000e+00
  -3.5901075e+01   1.3341361e+01   3.8052000e+01   4.8201564e+01   0.0000000e+00
  -3.7562854e+01   1.8659054e+01   3.6834000e+01   4.7869208e+01   0.0000000e+00
  -3.8227566e+01   2.2647324e+01   3.4545000e+01   4.7869208e+01   0.0000000e+00
  -3.8559922e+01   2.5306170e+01   3.3474000e+01   4.7869208e+01   0.0000000e+00
  -3.8892278e+01   2.7300305e+01   3.1185000e+01   4.8201564e+01   2.1200000e-02
  -3.9224633e+01   2.9294440e+01   2.9400000e+01   4.8533920e+01   2.1200000e-02
  -3.9224633e+01   3.1620931e+01   2.8602000e+01   4.8866276e+01   4.2400000e-02
  -3.8892278e+01   3.3615065e+01   2.7300000e+01   4.9863343e+01   6.3600000e-02
  -3.8559922e+01   3.5609200e+01   2.3646000e+01   5.1192766e+01   1.0600000e-01
  -3.8559922e+01   3.6938624e+01   1.9929000e+01   5.2189834e+01   1.2720000e-01
  -3.7895210e+01   3.8600403e+01   1.8459000e+01   5.3851613e+01   1.4840000e-01
  -3.6565787e+01   4.0262182e+01   1.6170000e+01   5.6842815e+01   1.9080000e-01
  -3.6565787e+01   4.0926893e+01   1.0584000e+01   5.9834018e+01   2.5440000e-01
  -3.5236364e+01   4.1923961e+01   6.7410000e+00   6.3157576e+01   2.9680000e-01
  -3.3574585e+01   4.2588673e+01   2.6880000e+00   6.6148778e+01   3.6040000e-01
  -3.3242229e+01   4.2921028e+01  -3.6330000e+00   6.8475269e+01   3.6040000e-01
  -3.1912805e+01   4.3253384e+01  -8.8200000e+00   6.9139980e+01   3.6040000e-01
  -3.1248094e+01   4.3585740e+01  -1.2516000e+01   6.9804692e+01   3.3920000e-01
  -3.0583382e+01   4.3585740e+01  -1.3503000e+01   6.9804692e+01   3.3920000e-01
  -3.0583382e+01   4.3585740e+01  -1.3503000e+01   6.9804692e+01   3.3920000e-01
  -3.0583382e+01   4.3253384e+01  -1.3503000e+01   6.9804692e+01   3.3920000e-01
  -3.0915738e+01   4.3253384e+01  -1.3524000e+01   7.0137048e+01   3.3920000e-01
  -3.0915738e+01   4.3253384e+01  -1.3524000e+01   7.0137048e+01   3.3920000e-01
