  -2.8256891e+01   1.4670784e+01   2.7279000e+01   4.8201564e+01   0.0000000e+00
  -2.8921603e+01   1.4338428e+01   2.7279000e+01   4.7869208e+01   0.0000000e+00
  -2.8921603e+01   1.4338428e+01   2.7279000e+01   4.8201564e+01   0.0000000e+00
  -2.8921603e+01   1.4338428e+01   2.7279000e+01   4.8201564e+01   0.0000000e+00
  -2.8921603e+01   1.4338428e+01   2.7279000e+01   4.7869208e+01   0.0000000e+00
  -2.9253959e+01   1.4670784e+01   2.7279000e+01   4.8201564e+01   0.0000000e+00
  -2.9918671e+01   1.5335496e+01   2.7258000e+01   4.8866276e+01   0.0000000e+00
  -3.1248094e+01   1.7329630e+01   2.7048000e+01   4.9530987e+01   0.0000000e+00
  -3.2245161e+01   1.9988477e+01   2.6901000e+01   4.9198631e+01   0.0000000e+00
  -3.3242229e+01   2.3312035e+01   2.6292000e+01   4.9198631e+01   0.0000000e+00
  -3.3574585e+01   2.6303238e+01   2.5347000e+01   4.8533920e+01   0.0000000e+00
  -3.2909873e+01   3.0623863e+01   2.4885000e+01   4.7536852e+01   0.0000000e+00
  -3.2909873e+01   3.3947421e+01   2.1630000e+01   4.7536852e+01   0.0000000e+00
  -3.2245161e+01   3.7603335e+01   1.7598000e+01   4.7869208e+01   0.0000000e+00
  -3.0583382e+01   4.0594538e+01   1.4658000e+01   4.9198631e+01   0.0000000e+00
  -2.8921603e+01   4.3585740e+01   9.9330000e+00   5.0528055e+01   0.0000000e+00
  -2.7592180e+01   4.5912231e+01   4.2840000e+00   5.2189834e+01   0.0000000e+00
  -2.5930401e+01   4.6909298e+01  -2.5200000e+00   5.4183969e+01  -2.1200000e-02
  -2.4933333e+01   4.7574010e+01  -7.5180000e+00   5.6510459e+01  -1.9080000e-01
  -2.3271554e+01   4.8238721e+01  -1.3755000e+01   5.8836950e+01  -7.2080000e-01
  -2.1942131e+01   4.8571077e+01  -2.0202000e+01   6.0831085e+01  -1.1448000e+00
  -2.1277419e+01   4.8571077e+01  -2.5011000e+01   6.2160508e+01  -1.5052000e+00
  -2.0612708e+01   4.8903433e+01  -2.7930000e+01   6.2492864e+01  -1.5052000e+00
  -2.0280352e+01   4.8903433e+01  -2.9442000e+01   6.2825220e+01  -1.7596000e+00
  -1.9947996e+01   4.8903433e+01  -3.0030000e+01   6.2825220e+01  -1.8232000e+00
  -1.9947996e+01   4.8903433e+01  -3.0366000e+01   6.2825220e+01  -1.8656000e+00
  -1.9615640e+01   4.8571077e+01  -3.0387000e+01   6.2825220e+01  -1.8868000e+00
  -1.9615640e+01   4.8571077e+01  -3.0408000e+01   6.2825220e+01  -1.8868000e+00
  -1.9615640e+01   4.8238721e+01  -3.0513000e+01   6.2825220e+01  -1.9080000e+00
  -1.9283284e+01   4.8238721e+01  -3.0597000e+01   6.2825220e+01  -1.9080000e+00
