  -2.9253959e+01   7.0266002e+00   5.8800000e+01   4.6207429e+01   0.0000000e+00
  -3.0251026e+01   7.6913118e+00   5.8779000e+01   4.8866276e+01  -6.3600000e-02
  -3.2577517e+01   1.1014870e+01   5.8002000e+01   4.9198631e+01  -2.1200000e-02
  -3.3574585e+01   1.5003140e+01   5.3697000e+01   4.8866276e+01   2.1200000e-02
  -3.3906940e+01   1.7661986e+01   5.0505000e+01   4.8866276e+01   2.1200000e-02
  -3.4571652e+01   2.0985544e+01   4.6809000e+01   4.8533920e+01   2.1200000e-02
  -3.4904008e+01   2.3312035e+01   4.4814000e+01   4.8533920e+01   2.1200000e-02
  -3.4904008e+01   2.5638526e+01   4.2105000e+01   4.8866276e+01   2.1200000e-02
  -3.5236364e+01   2.7632661e+01   3.8346000e+01   4.8866276e+01   2.1200000e-02
  -3.5568719e+01   2.9959152e+01   3.6225000e+01   4.8866276e+01   2.1200000e-02
  -3.5568719e+01   3.2617998e+01   3.4083000e+01   4.9198631e+01   2.1200000e-02
  -3.4571652e+01   3.5941556e+01   2.9736000e+01   4.9863343e+01   2.1200000e-02
  -3.3906940e+01   3.7603335e+01   2.5263000e+01   5.0860411e+01   2.1200000e-02
  -3.2909873e+01   3.9597470e+01   2.1630000e+01   5.2522190e+01   4.2400000e-02
  -3.1580450e+01   4.1259249e+01   1.6149000e+01   5.3519257e+01   4.2400000e-02
  -3.0583382e+01   4.2921028e+01   9.9960000e+00   5.5181036e+01   6.3600000e-02
  -2.8589247e+01   4.4582807e+01   2.4360000e+00   5.7839883e+01   6.3600000e-02
  -2.5930401e+01   4.6244587e+01  -4.7460000e+00   5.9169306e+01   0.0000000e+00
  -2.3271554e+01   4.7241654e+01  -1.4280000e+01   6.1828152e+01   2.1200000e-02
  -2.1277419e+01   4.7241654e+01  -2.2008000e+01   6.2160508e+01   2.1200000e-02
  -2.0612708e+01   4.7241654e+01  -2.4465000e+01   6.1828152e+01   2.1200000e-02
  -2.0612708e+01   4.7241654e+01  -2.4633000e+01   6.2160508e+01   2.1200000e-02
  -2.0612708e+01   4.7574010e+01  -2.4759000e+01   6.1828152e+01   2.1200000e-02
  -2.0280352e+01   4.7574010e+01  -2.4822000e+01   6.1828152e+01   2.1200000e-02
  -1.9947996e+01   4.7574010e+01  -2.4822000e+01   6.1828152e+01   2.1200000e-02
  -1.9947996e+01   4.7574010e+01  -2.4843000e+01   6.1828152e+01   2.1200000e-02
  -1.9615640e+01   4.7574010e+01  -2.4843000e+01   6.1828152e+01   2.1200000e-02
  -1.9283284e+01   4.7574010e+01  -2.4948000e+01   6.1828152e+01   2.1200000e-02
  -1.9283284e+01   4.7574010e+01  -2.5011000e+01   6.1828152e+01   2.1200000e-02
  -1.8950929e+01   4.7574010e+01  -2.5074000e+01   6.2160508e+01   2.1200000e-02
