  -2.8589247e+01  -2.9440743e+00   3.8241000e+01   6.2492864e+01   2.1200000e-02
  -2.8921603e+01  -3.2764301e+00   3.8241000e+01   6.2492864e+01   2.1200000e-02
  -2.8589247e+01  -2.9440743e+00   3.8241000e+01   6.2492864e+01   2.1200000e-02
  -2.8921603e+01  -2.9440743e+00   3.8241000e+01   6.2492864e+01   2.1200000e-02
  -2.8921603e+01  -2.9440743e+00   3.8241000e+01   6.2492864e+01   2.1200000e-02
  -2.8921603e+01  -2.9440743e+00   3.8241000e+01   6.2160508e+01   2.1200000e-02
  -2.8256891e+01  -2.6117185e+00   3.8241000e+01   6.1828152e+01   2.1200000e-02
  -2.8256891e+01  -1.2822952e+00   3.8241000e+01   6.1495797e+01   0.0000000e+00
  -2.8256891e+01   3.7948387e-01   3.8241000e+01   6.0498729e+01  -1.6960000e-01
  -2.7924536e+01   2.3736188e+00   3.8241000e+01   6.0166373e+01  -1.1660000e+00
  -2.8256891e+01   3.7030420e+00   3.8241000e+01   5.9834018e+01  -1.1872000e+00
  -2.8589247e+01   5.3648211e+00   3.8241000e+01   5.9501662e+01  -1.1872000e+00
  -2.8921603e+01   7.0266002e+00   3.8241000e+01   5.9169306e+01  -1.2296000e+00
  -2.9586315e+01   8.3560235e+00   3.8241000e+01   5.9169306e+01  -1.7808000e+00
  -2.9918671e+01   9.6854467e+00   3.8241000e+01   5.8836950e+01  -1.8444000e+00
  -3.0583382e+01   1.1347226e+01   3.8220000e+01   5.8836950e+01  -2.5016000e+00
  -3.1248094e+01   1.3341361e+01   3.7569000e+01   5.8836950e+01  -2.5652000e+00
  -3.1580450e+01   1.5667851e+01   3.6372000e+01   5.8836950e+01  -2.6500000e+00
  -3.1248094e+01   1.8991410e+01   3.4566000e+01   5.9501662e+01  -2.8832000e+00
  -3.1248094e+01   2.2314968e+01   3.2130000e+01   5.9834018e+01  -2.8832000e+00
  -3.0583382e+01   2.4973814e+01   2.8035000e+01   6.0166373e+01  -2.9044000e+00
  -2.9918671e+01   2.7632661e+01   2.5914000e+01   6.0166373e+01  -2.9256000e+00
  -2.8589247e+01   3.0956219e+01   2.2155000e+01   6.0498729e+01  -2.9680000e+00
  -2.8256891e+01   3.3615065e+01   1.7871000e+01   6.0831085e+01  -3.0316000e+00
  -2.7592180e+01   3.6273912e+01   1.4490000e+01   6.1828152e+01  -3.0528000e+00
  -2.6262757e+01   3.7935691e+01   9.6390000e+00   6.2492864e+01  -3.7736000e+00
  -2.5930401e+01   3.9929826e+01   4.5360000e+00   6.3489932e+01  -4.2824000e+00
  -2.5265689e+01   4.1259249e+01  -6.3000000e-01   6.4154643e+01  -4.5368000e+00
  -2.4933333e+01   4.1923961e+01  -3.3390000e+00   6.4486999e+01  -4.7488000e+00
  -2.4933333e+01   4.2588673e+01  -6.3840000e+00   6.5816422e+01  -4.8548000e+00
