  -3.6898143e+01   1.5003140e+01   3.7254000e+01   3.5239687e+01  -3.1800000e-01
  -3.6898143e+01   1.5003140e+01   3.7254000e+01   3.3245552e+01   5.0880000e-01
  -3.6898143e+01   1.5335496e+01   3.7254000e+01   3.4907331e+01   4.4520000e-01
  -3.7230499e+01   1.5335496e+01   3.7254000e+01   3.3577908e+01   4.0280000e-01
  -3.6898143e+01   1.6000207e+01   3.7254000e+01   3.3245552e+01   3.3920000e-01
  -3.6898143e+01   1.6000207e+01   3.7254000e+01   3.3577908e+01   3.1800000e-01
  -3.6898143e+01   1.6000207e+01   3.7254000e+01   3.4242620e+01  -2.1200000e-02
  -3.6565787e+01   1.6332563e+01   3.7254000e+01   3.3910264e+01  -2.1200000e-02
  -3.6565787e+01   1.6332563e+01   3.7254000e+01   3.4242620e+01  -2.1200000e-02
  -3.6565787e+01   1.6664919e+01   3.7254000e+01   3.5239687e+01  -2.1200000e-02
  -3.7562854e+01   1.7994342e+01   3.7254000e+01   3.6901466e+01  -2.1200000e-02
  -3.7895210e+01   1.9988477e+01   3.7254000e+01   3.7898534e+01   0.0000000e+00
  -3.8892278e+01   2.2647324e+01   3.7233000e+01   3.8230890e+01   0.0000000e+00
  -3.9889345e+01   2.3976747e+01   3.6687000e+01   3.8230890e+01   2.1200000e-02
  -4.1218768e+01   2.5306170e+01   3.4902000e+01   3.8895601e+01   2.1200000e-02
  -4.1883480e+01   2.7632661e+01   3.2340000e+01   3.9227957e+01   2.1200000e-02
  -4.1883480e+01   3.0623863e+01   2.8434000e+01   3.9560313e+01   2.1200000e-02
  -4.1883480e+01   3.2617998e+01   2.6607000e+01   4.0225024e+01   2.1200000e-02
  -4.1883480e+01   3.4279777e+01   2.4906000e+01   4.0557380e+01   4.2400000e-02
  -4.1883480e+01   3.5941556e+01   2.1672000e+01   4.0889736e+01   4.2400000e-02
  -4.1551124e+01   3.8600403e+01   1.8900000e+01   4.0889736e+01   4.2400000e-02
  -4.2548192e+01   4.1259249e+01   1.6611000e+01   4.0889736e+01   4.2400000e-02
  -4.2215836e+01   4.3918096e+01   1.1634000e+01   4.1554448e+01   4.2400000e-02
  -4.1218768e+01   4.6576942e+01   7.8750000e+00   4.2551515e+01   4.2400000e-02
  -3.9556989e+01   4.8571077e+01   4.4730000e+00   4.3880938e+01   4.2400000e-02
  -3.8227566e+01   5.0897568e+01  -1.6170000e+00   4.5210362e+01   2.1200000e-02
  -3.6898143e+01   5.2559347e+01  -4.3680000e+00   4.7204497e+01   2.1200000e-02
  -3.5236364e+01   5.3556414e+01  -6.6990000e+00   4.9863343e+01   0.0000000e+00
  -3.4239296e+01   5.4221126e+01  -1.2180000e+01   5.1857478e+01  -2.1200000e-02
  -3.3574585e+01   5.4885838e+01  -1.5729000e+01   5.2189834e+01  -4.2400000e-02
