  -3.2909873e+01   9.6854467e+00   3.3915000e+01   3.5904399e+01   0.0000000e+00
  -3.3242229e+01   9.3530909e+00   3.3915000e+01   3.5904399e+01   0.0000000e+00
  -3.2909873e+01   9.3530909e+00   3.3894000e+01   3.5904399e+01   0.0000000e+00
  -3.2577517e+01   9.3530909e+00   3.3894000e+01   3.5904399e+01   0.0000000e+00
  -3.2577517e+01   9.0207351e+00   3.3894000e+01   3.5904399e+01   0.0000000e+00
  -3.2577517e+01   8.6883793e+00   3.3894000e+01   3.5904399e+01   0.0000000e+00
  -3.2577517e+01   8.6883793e+00   3.3915000e+01   3.5572043e+01   0.0000000e+00
  -3.3574585e+01   8.6883793e+00   3.3894000e+01   3.5572043e+01   0.0000000e+00
  -3.4904008e+01   9.6854467e+00   3.3894000e+01   3.6901466e+01   0.0000000e+00
  -3.6233431e+01   1.1679582e+01   3.3894000e+01   3.9892669e+01   0.0000000e+00
  -3.7562854e+01   1.3341361e+01   3.3894000e+01   4.0225024e+01   0.0000000e+00
  -3.8559922e+01   1.5335496e+01   3.3873000e+01   4.0889736e+01   0.0000000e+00
  -3.9556989e+01   1.6997275e+01   3.3600000e+01   4.1886804e+01   0.0000000e+00
  -4.0221701e+01   1.8326698e+01   3.2907000e+01   4.3880938e+01   0.0000000e+00
  -4.0221701e+01   1.9656121e+01   3.1542000e+01   4.6207429e+01   0.0000000e+00
  -4.0554057e+01   2.0985544e+01   3.0282000e+01   4.8201564e+01   2.1200000e-02
  -4.0886413e+01   2.2314968e+01   2.8854000e+01   5.0195699e+01   2.1200000e-02
  -4.0554057e+01   2.3976747e+01   2.5935000e+01   5.2189834e+01   2.1200000e-02
  -4.0221701e+01   2.4973814e+01   2.3940000e+01   5.4848680e+01   2.1200000e-02
  -4.0221701e+01   2.5970882e+01   2.2659000e+01   5.7175171e+01   2.1200000e-02
  -4.0554057e+01   2.7300305e+01   1.8417000e+01   5.9834018e+01   2.1200000e-02
  -4.0221701e+01   2.8297372e+01   1.4553000e+01   6.1495797e+01   0.0000000e+00
  -3.9889345e+01   2.9626796e+01   1.2726000e+01   6.2492864e+01   0.0000000e+00
  -3.9556989e+01   3.0956219e+01   1.0500000e+01   6.4486999e+01  -6.3600000e-02
  -3.9224633e+01   3.1620931e+01   6.8880000e+00   6.6813490e+01  -7.4200000e-01
  -3.8892278e+01   3.2285642e+01   3.9270000e+00   6.8807625e+01  -8.0560000e-01
  -3.8559922e+01   3.2950354e+01   1.8480000e+00   7.0469404e+01  -8.2680000e-01
  -3.8227566e+01   3.2950354e+01  -6.3000000e-01   7.2463539e+01  -8.9040000e-01
  -3.7895210e+01   3.3282710e+01  -3.2550000e+00   7.3792962e+01  -9.5400000e-01
  -3.7562854e+01   3.3615065e+01  -5.4390000e+00   7.5454741e+01  -9.5400000e-01
