  -3.1912805e+01   1.7089071e+00   4.4289000e+01   5.5181036e+01  -1.0176000e+00
  -3.2245161e+01   1.7089071e+00   4.4289000e+01   5.5181036e+01  -1.0176000e+00
  -3.1912805e+01   1.7089071e+00   4.4289000e+01   5.5181036e+01  -1.0176000e+00
  -3.1912805e+01   1.7089071e+00   4.4289000e+01   5.5181036e+01  -1.0176000e+00
  -3.2245161e+01   1.7089071e+00   4.4289000e+01   5.5181036e+01  -1.0176000e+00
  -3.2245161e+01   1.7089071e+00   4.4289000e+01   5.5181036e+01  -1.0176000e+00
  -3.2245161e+01   1.7089071e+00   4.4289000e+01   5.4848680e+01  -1.0176000e+00
  -3.2909873e+01   2.3736188e+00   4.4289000e+01   5.4183969e+01  -1.0176000e+00
  -3.3242229e+01   4.0353978e+00   4.4289000e+01   5.3519257e+01  -9.9640000e-01
  -3.4239296e+01   6.0295327e+00   4.4163000e+01   5.3519257e+01  -1.0176000e+00
  -3.5236364e+01   8.3560235e+00   4.3659000e+01   5.3851613e+01  -9.9640000e-01
  -3.6233431e+01   1.1014870e+01   4.1433000e+01   5.4183969e+01  -9.9640000e-01
  -3.6898143e+01   1.3341361e+01   3.9081000e+01   5.4516325e+01  -9.9640000e-01
  -3.7230499e+01   1.5003140e+01   3.7527000e+01   5.5513392e+01  -9.9640000e-01
  -3.7895210e+01   1.6664919e+01   3.6435000e+01   5.6842815e+01  -9.7520000e-01
  -3.8227566e+01   1.7661986e+01   3.4272000e+01   5.7507527e+01  -9.7520000e-01
  -3.8227566e+01   1.9323765e+01   3.3033000e+01   5.8504594e+01  -9.7520000e-01
  -3.8892278e+01   2.1650256e+01   3.1164000e+01   5.9501662e+01  -9.7520000e-01
  -3.8892278e+01   2.3976747e+01   2.8350000e+01   6.0498729e+01  -9.7520000e-01
  -3.8892278e+01   2.5306170e+01   2.6439000e+01   6.1828152e+01  -9.7520000e-01
  -3.9224633e+01   2.6635593e+01   2.4255000e+01   6.3489932e+01  -9.9640000e-01
  -3.9556989e+01   2.7632661e+01   2.1756000e+01   6.5484066e+01  -1.0176000e+00
  -3.9556989e+01   2.8629728e+01   1.8648000e+01   6.7145846e+01  -1.0388000e+00
  -3.9556989e+01   2.9626796e+01   1.6632000e+01   6.9139980e+01  -1.0600000e+00
  -3.8892278e+01   3.0291507e+01   1.4259000e+01   7.1134115e+01  -1.0600000e+00
  -3.8227566e+01   3.1288575e+01   1.0668000e+01   7.3460606e+01  -1.0812000e+00
  -3.8227566e+01   3.1620931e+01   6.8880000e+00   7.6119453e+01  -1.1660000e+00
  -3.7230499e+01   3.1953286e+01   2.8350000e+00   7.8778299e+01  -1.2084000e+00
  -3.6565787e+01   3.1953286e+01   3.1500000e-01   8.0772434e+01  -1.2720000e+00
  -3.6565787e+01   3.2617998e+01  -2.6040000e+00   8.1769501e+01  -1.3992000e+00
