  -3.4571652e+01   1.7089071e+00   5.0799000e+01   6.1163441e+01  -2.1200000e-02
  -3.4239296e+01   1.3765513e+00   5.0799000e+01   6.0831085e+01  -2.1200000e-02
  -3.4571652e+01   1.7089071e+00   5.0799000e+01   6.0831085e+01  -2.1200000e-02
  -3.4571652e+01   1.3765513e+00   5.0799000e+01   6.0831085e+01  -2.1200000e-02
  -3.4571652e+01   1.7089071e+00   5.0799000e+01   6.0831085e+01  -2.1200000e-02
  -3.4239296e+01   1.3765513e+00   5.0799000e+01   6.0831085e+01  -2.1200000e-02
  -3.3906940e+01   1.7089071e+00   5.0799000e+01   6.0166373e+01  -2.1200000e-02
  -3.5236364e+01   3.0383304e+00   5.0799000e+01   6.0166373e+01  -2.1200000e-02
  -3.7230499e+01   6.3618886e+00   5.0799000e+01   6.0831085e+01  -2.1200000e-02
  -3.8227566e+01   1.0017803e+01   5.0799000e+01   6.0166373e+01  -2.1200000e-02
  -3.9224633e+01   1.3673717e+01   5.0400000e+01   5.9834018e+01  -2.1200000e-02
  -4.0221701e+01   1.6664919e+01   4.8678000e+01   5.9834018e+01   0.0000000e+00
  -4.0886413e+01   1.8991410e+01   4.5633000e+01   5.9834018e+01   0.0000000e+00
  -4.0886413e+01   2.1982612e+01   4.3575000e+01   6.0166373e+01   0.0000000e+00
  -4.1218768e+01   2.4309103e+01   3.9753000e+01   6.0831085e+01   0.0000000e+00
  -4.1551124e+01   2.5970882e+01   3.5532000e+01   6.0831085e+01   0.0000000e+00
  -4.1218768e+01   2.7965017e+01   3.3810000e+01   6.0831085e+01   0.0000000e+00
  -4.0886413e+01   2.9959152e+01   3.0660000e+01   6.1163441e+01   0.0000000e+00
  -4.0554057e+01   3.1953286e+01   2.4906000e+01   6.1828152e+01   0.0000000e+00
  -3.9889345e+01   3.3615065e+01   2.0244000e+01   6.2160508e+01   0.0000000e+00
  -3.9224633e+01   3.4944489e+01   1.5582000e+01   6.2492864e+01   0.0000000e+00
  -3.8559922e+01   3.5609200e+01   1.2684000e+01   6.3489932e+01   0.0000000e+00
  -3.8227566e+01   3.5941556e+01   9.0300000e+00   6.3822287e+01   0.0000000e+00
  -3.8227566e+01   3.6938624e+01   6.2370000e+00   6.4819355e+01   0.0000000e+00
  -3.7230499e+01   3.7603335e+01   2.2890000e+00   6.5816422e+01   0.0000000e+00
  -3.6565787e+01   3.8600403e+01  -3.0870000e+00   6.6481134e+01   0.0000000e+00
  -3.5236364e+01   3.9597470e+01  -6.1320000e+00   6.6813490e+01   0.0000000e+00
  -3.4571652e+01   4.0926893e+01  -1.0290000e+01   6.7810557e+01   0.0000000e+00
  -3.3574585e+01   4.1259249e+01  -1.3545000e+01   6.8807625e+01  -4.0280000e-01
  -3.2577517e+01   4.1923961e+01  -1.6821000e+01   6.9139980e+01  -2.3108000e+00
