  -4.3545259e+01   8.0236676e+00   1.1319000e+01   4.8201564e+01   0.0000000e+00
  -4.3545259e+01   8.0236676e+00   1.1340000e+01   4.8201564e+01   0.0000000e+00
  -4.3212903e+01   8.0236676e+00   1.1340000e+01   4.8201564e+01   0.0000000e+00
  -4.3212903e+01   8.0236676e+00   1.1340000e+01   4.8201564e+01   0.0000000e+00
  -4.3212903e+01   8.0236676e+00   1.1340000e+01   4.8201564e+01   0.0000000e+00
  -4.3212903e+01   8.0236676e+00   1.1340000e+01   4.8201564e+01   0.0000000e+00
  -4.2548192e+01   9.0207351e+00   1.1340000e+01   4.8201564e+01   0.0000000e+00
  -4.2215836e+01   1.1014870e+01   1.1340000e+01   4.9198631e+01   0.0000000e+00
  -4.2880547e+01   1.3009005e+01   1.1340000e+01   5.0860411e+01   0.0000000e+00
  -4.2548192e+01   1.5335496e+01   1.1340000e+01   5.2522190e+01   0.0000000e+00
  -4.3212903e+01   1.7329630e+01   1.1340000e+01   5.3519257e+01   0.0000000e+00
  -4.3545259e+01   1.9323765e+01   1.1361000e+01   5.4183969e+01   0.0000000e+00
  -4.4542326e+01   2.1317900e+01   1.1214000e+01   5.5181036e+01   2.1200000e-02
  -4.5539394e+01   2.3976747e+01   1.1025000e+01   5.5845748e+01   2.1200000e-02
  -4.5539394e+01   2.6967949e+01   1.0227000e+01   5.6178104e+01   2.1200000e-02
  -4.4874682e+01   2.9959152e+01   8.5260000e+00   5.6510459e+01   2.1200000e-02
  -4.3545259e+01   3.3282710e+01   7.6860000e+00   5.6842815e+01   2.1200000e-02
  -4.1883480e+01   3.6273912e+01   4.0320000e+00   5.7507527e+01   2.1200000e-02
  -4.0886413e+01   3.8600403e+01  -2.5200000e-01   5.8836950e+01   2.1200000e-02
  -3.9556989e+01   4.0262182e+01  -1.0290000e+00   5.9834018e+01   2.1200000e-02
  -3.8892278e+01   4.2256317e+01  -1.9950000e+00   6.1163441e+01   2.1200000e-02
  -3.8559922e+01   4.4582807e+01  -4.3470000e+00   6.2825220e+01   2.1200000e-02
  -3.7895210e+01   4.6244587e+01  -8.7990000e+00   6.4819355e+01   2.1200000e-02
  -3.7562854e+01   4.6909298e+01  -1.3503000e+01   6.7478201e+01   0.0000000e+00
  -3.7230499e+01   4.7574010e+01  -1.9089000e+01   6.9804692e+01  -7.4200000e-01
  -3.6565787e+01   4.7906366e+01  -2.3100000e+01   7.1134115e+01  -9.3280000e-01
  -3.6233431e+01   4.8238721e+01  -2.6733000e+01   7.1798827e+01  -9.9640000e-01
  -3.5236364e+01   4.8238721e+01  -2.9001000e+01   7.2131183e+01  -1.0388000e+00
  -3.4904008e+01   4.8238721e+01  -3.0597000e+01   7.1798827e+01  -1.0388000e+00
  -3.4571652e+01   4.8238721e+01  -3.1332000e+01   7.2131183e+01  -1.0388000e+00
