  -4.0221701e+01   2.2979679e+01  -2.1000000e-02   5.1525122e+01   0.0000000e+00
  -3.9889345e+01   2.2647324e+01  -2.1000000e-02   5.1525122e+01   0.0000000e+00
  -4.0221701e+01   2.2314968e+01  -2.1000000e-02   5.1525122e+01   0.0000000e+00
  -3.9889345e+01   2.2314968e+01  -2.1000000e-02   5.1525122e+01   0.0000000e+00
  -3.9889345e+01   2.1982612e+01  -2.1000000e-02   5.1192766e+01   0.0000000e+00
  -3.9889345e+01   2.1982612e+01  -2.1000000e-02   5.1192766e+01   0.0000000e+00
  -4.0554057e+01   2.2647324e+01  -2.1000000e-02   5.1192766e+01   0.0000000e+00
  -4.1551124e+01   2.4973814e+01  -2.1000000e-02   5.1192766e+01   0.0000000e+00
  -4.2215836e+01   2.8297372e+01  -2.1000000e-02   5.1192766e+01   0.0000000e+00
  -4.1883480e+01   3.1288575e+01  -2.1000000e-02   5.1525122e+01   0.0000000e+00
  -4.2215836e+01   3.3947421e+01  -2.1000000e-02   5.1525122e+01   0.0000000e+00
  -4.2215836e+01   3.7603335e+01  -6.3000000e-02   5.2189834e+01   0.0000000e+00
  -4.2880547e+01   3.9265114e+01  -7.3500000e-01   5.2854545e+01   0.0000000e+00
  -4.2215836e+01   4.1259249e+01  -1.5540000e+00   5.3519257e+01   0.0000000e+00
  -4.1551124e+01   4.2588673e+01  -3.2550000e+00   5.4848680e+01   0.0000000e+00
  -4.0886413e+01   4.3918096e+01  -6.4470000e+00   5.6178104e+01   0.0000000e+00
  -3.9889345e+01   4.5247519e+01  -8.7990000e+00   5.8172239e+01   0.0000000e+00
  -3.9224633e+01   4.5912231e+01  -1.0815000e+01   5.9834018e+01  -2.1200000e-02
  -3.8227566e+01   4.6909298e+01  -1.3209000e+01   6.1495797e+01  -6.3600000e-02
  -3.7230499e+01   4.7241654e+01  -1.7220000e+01   6.4154643e+01  -1.4840000e-01
  -3.6565787e+01   4.7574010e+01  -2.0433000e+01   6.6481134e+01  -2.7560000e-01
  -3.5568719e+01   4.7906366e+01  -2.2491000e+01   6.8475269e+01  -3.6040000e-01
  -3.5236364e+01   4.7906366e+01  -2.4654000e+01   7.0469404e+01  -4.0280000e-01
  -3.4571652e+01   4.7906366e+01  -2.7468000e+01   7.3460606e+01  -4.6640000e-01
  -3.4239296e+01   4.7906366e+01  -2.9862000e+01   7.5454741e+01  -5.3000000e-01
  -3.4239296e+01   4.7574010e+01  -3.1752000e+01   7.7116520e+01  -5.3000000e-01
  -3.3906940e+01   4.7241654e+01  -3.4419000e+01   7.8445943e+01  -5.3000000e-01
  -3.3574585e+01   4.7241654e+01  -3.7233000e+01   7.9775367e+01  -5.3000000e-01
  -3.3574585e+01   4.6909298e+01  -3.8598000e+01   7.9775367e+01  -5.3000000e-01
  -3.3574585e+01   4.6909298e+01  -3.8598000e+01   7.9775367e+01  -5.3000000e-01
